BEGIN CSV
Fully Homed
BEGIN CSV
Time(ms),X_Target(cm),Y_Target(cm),X_Mallet(cm),Y_Mallet(cm),Left_Angle(deg),Right_Angle(deg),Left_Error(deg),Right_Error(deg),Left_PID,Right_PID,Left_Feed_Forward,Right_Feed_Forward,Left_PWM,Right_PWM,X_Puck,Y_Puck
0.01,6.99,5.08,6.99,5.08,197.50,31.29,0.09,-0.02,43.99,-11.00,76.65,-33.86,100.00,-44.86,0.00,0.00
2.46,7.00,5.09,6.99,5.08,197.52,31.25,0.51,0.01,1.13,0.07,76.58,-33.24,77.70,-33.18,0.00,0.00
4.46,7.03,5.13,7.01,5.13,198.71,30.83,0.35,0.39,-0.22,1.16,76.50,-32.74,76.28,-31.58,0.00,0.00
6.64,7.09,5.18,7.08,5.26,201.87,29.77,-1.04,1.39,-3.72,3.00,76.39,-32.18,72.67,-29.19,0.00,0.00
8.82,7.16,5.26,7.16,5.38,205.26,29.03,-1.96,2.06,-3.11,2.57,76.26,-31.63,73.16,-29.06,0.00,0.00
11.38,7.27,5.38,7.21,5.46,207.39,28.65,-0.36,2.32,2.95,1.67,76.08,-30.98,79.04,-29.31,0.00,0.00
13.34,7.37,5.49,7.26,5.50,208.88,28.87,1.61,2.00,5.83,0.17,75.93,-30.48,81.76,-30.31,0.00,0.00
15.58,7.51,5.63,7.36,5.59,211.89,29.00,3.20,1.72,5.13,0.25,75.72,-29.90,80.86,-29.65,0.00,0.00
17.69,7.65,5.79,7.47,5.72,216.00,28.56,4.01,2.01,3.94,1.69,75.52,-29.37,79.45,-27.67,0.00,0.00
20.29,7.86,6.00,7.64,5.96,222.64,27.49,4.24,2.88,2.57,3.11,75.23,-28.70,77.80,-25.59,0.00,0.00
22.23,8.03,6.18,7.76,6.13,227.45,26.59,5.13,3.61,4.86,3.67,74.99,-28.20,79.85,-24.53,0.00,0.00
24.44,8.23,6.40,7.92,6.32,233.16,26.08,6.46,3.90,6.25,2.61,74.71,-27.63,80.95,-25.02,0.00,0.00
26.52,8.45,6.63,8.09,6.52,239.16,25.73,7.65,4.03,6.66,2.34,74.42,-27.10,81.07,-24.75,0.00,0.00
28.58,8.67,6.87,8.28,6.72,245.62,25.44,8.79,4.09,7.18,2.18,74.11,-26.56,81.28,-24.38,0.00,0.00
30.81,8.93,7.15,8.50,6.99,253.49,24.68,9.74,4.60,6.99,3.43,73.75,-25.99,80.74,-22.56,0.00,0.00
33.41,9.26,7.49,8.78,7.33,263.73,23.62,10.45,5.32,6.59,4.06,73.31,-25.32,79.90,-21.25,0.00,0.00
35.36,9.52,7.77,9.01,7.60,271.86,23.01,11.07,5.68,7.14,3.74,72.96,-24.81,80.10,-21.07,0.00,0.00
37.59,9.83,8.09,9.28,7.91,281.50,22.43,11.88,5.94,7.75,3.55,72.54,-24.23,80.29,-20.68,0.00,0.00
39.62,10.12,8.41,9.55,8.21,290.77,21.99,12.63,6.08,8.17,3.39,72.13,-23.70,80.30,-20.31,0.00,0.00
41.87,10.47,8.77,9.87,8.54,301.43,21.67,13.58,6.07,8.91,3.00,71.66,-23.12,80.57,-20.11,0.00,0.00
43.99,10.81,9.13,10.19,8.90,312.35,21.12,14.03,6.28,8.06,3.65,71.20,-22.57,79.26,-18.92,0.00,0.00
46.71,11.26,9.61,10.62,9.37,327.25,20.32,14.40,6.62,7.88,3.94,70.57,-21.85,78.45,-17.91,0.00,0.00
49.39,11.72,10.11,11.06,9.88,342.70,19.34,14.66,7.15,7.82,4.57,69.92,-21.15,77.74,-16.59,0.00,0.00
51.51,12.11,10.51,11.43,10.28,355.40,18.83,14.92,7.28,8.07,3.94,69.38,-20.60,77.46,-16.65,0.00,0.00
54.12,12.60,11.03,11.91,10.78,371.39,18.52,15.35,7.12,8.50,3.24,68.70,-19.91,77.19,-16.67,0.00,0.00
56.30,13.02,11.48,12.33,11.21,385.37,18.35,15.59,6.88,8.36,2.91,68.10,-19.34,76.45,-16.43,0.00,0.00
58.49,13.45,11.94,12.78,11.67,400.15,18.13,15.45,6.68,7.39,2.88,67.47,-18.76,74.86,-15.88,0.00,0.00
60.65,13.89,12.40,13.23,12.15,415.38,17.71,15.08,6.68,6.70,3.32,66.84,-18.19,73.54,-14.87,0.00,0.00
63.37,14.46,13.01,13.81,12.77,435.03,17.01,14.66,6.83,6.54,3.71,66.00,-17.47,72.55,-13.77,0.00,0.00
66.13,15.06,13.64,14.42,13.39,455.22,16.79,14.51,6.49,6.98,2.62,65.13,-16.74,72.11,-14.13,0.00,0.00
68.24,15.52,14.13,14.90,13.87,470.93,16.77,14.48,6.07,7.17,2.04,64.43,-16.18,71.60,-14.14,0.00,0.00
70.82,16.11,14.75,15.50,14.49,490.95,16.59,14.17,5.69,6.50,2.12,63.55,-15.49,70.05,-13.37,0.00,0.00
72.97,16.60,15.27,16.03,15.03,508.46,16.26,13.36,5.56,4.78,2.47,62.80,-14.92,67.58,-12.46,0.00,0.00
75.71,17.25,15.95,16.71,15.74,531.16,15.80,12.37,5.42,4.39,2.46,61.81,-14.19,66.20,-11.73,0.00,0.00
77.72,17.73,16.46,17.21,16.26,547.90,15.53,11.86,5.24,4.66,2.17,61.06,-13.66,65.73,-11.49,0.00,0.00
80.46,18.40,17.17,17.91,16.96,570.86,15.62,11.45,4.54,4.96,0.99,60.01,-12.92,64.97,-11.94,0.00,0.00
83.09,19.05,17.86,18.60,17.65,593.32,15.60,10.95,3.96,4.53,0.89,58.97,-12.22,63.50,-11.33,0.00,0.00
85.27,19.60,18.44,19.18,18.24,612.56,15.38,10.20,3.68,3.38,1.20,58.09,-11.63,61.46,-10.43,0.00,0.00
87.60,20.20,19.07,19.81,18.89,633.68,15.05,9.16,3.48,2.35,1.29,57.11,-11.01,59.47,-9.71,0.00,0.00
89.77,20.76,19.66,20.40,19.51,653.35,14.63,8.43,3.39,2.52,1.50,56.19,-10.42,58.71,-8.92,0.00,0.00
92.48,21.47,20.41,21.14,20.26,677.80,14.37,7.84,3.03,2.84,0.84,55.00,-9.69,57.84,-8.85,0.00,0.00
94.49,22.01,20.97,21.70,20.83,696.19,14.22,7.41,2.71,2.65,0.57,54.10,-9.15,56.75,-8.58,0.00,0.00
97.20,22.73,21.74,22.45,21.60,721.13,14.02,6.90,2.27,2.50,0.33,52.85,-8.41,55.35,-8.08,0.00,0.00
99.14,23.26,22.29,23.00,22.16,739.43,13.75,6.18,2.08,1.23,0.55,51.94,-7.89,53.17,-7.34,0.00,0.00
101.85,24.00,23.07,23.79,22.98,765.67,13.34,4.80,1.87,-0.13,0.53,50.64,-7.15,50.51,-6.62,0.00,0.00
104.58,24.75,23.86,24.58,23.80,791.97,12.74,3.78,1.82,0.02,0.82,49.29,-6.41,49.32,-5.59,0.00,0.00
106.94,25.40,24.55,25.26,24.50,814.49,12.48,3.26,1.53,0.53,0.16,48.10,-5.77,48.64,-5.61,0.00,0.00
109.35,26.08,25.26,25.96,25.22,837.78,12.15,2.64,1.30,0.03,0.17,46.86,-5.11,46.89,-4.94,0.00,0.00
111.61,26.71,25.92,26.62,25.90,859.73,11.82,1.97,1.11,-0.50,0.12,45.67,-4.49,45.17,-4.37,0.00,0.00
113.84,27.35,26.59,27.28,26.58,881.77,11.45,1.11,0.96,-1.37,0.16,44.48,-3.88,43.10,-3.72,0.00,0.00
115.97,27.95,27.22,27.91,27.24,902.71,10.99,0.45,0.94,-1.33,0.40,43.31,-3.30,41.98,-2.89,0.00,0.00
118.16,28.57,27.87,28.55,27.91,924.25,10.57,-0.19,0.86,-1.55,0.24,42.10,-2.70,40.54,-2.45,0.00,0.00
120.36,29.20,28.53,29.20,28.58,945.89,10.26,-0.83,0.67,-1.86,-0.09,40.85,-2.09,38.99,-2.19,0.00,0.00
123.11,29.99,29.36,30.01,29.41,972.85,9.82,-1.33,0.49,-1.58,-0.08,39.26,-1.33,37.68,-1.41,0.00,0.00
125.64,30.71,30.12,30.76,30.19,997.79,9.32,-2.03,0.44,-2.38,0.12,37.77,-0.64,35.39,-0.52,0.00,0.00
127.90,31.36,30.80,31.42,30.89,1020.03,8.81,-2.48,0.45,-2.24,0.25,36.42,-0.01,34.18,0.24,0.00,0.00
130.17,32.01,31.48,32.09,31.59,1042.37,8.26,-3.07,0.51,-2.84,0.40,35.03,0.62,32.19,1.01,0.00,0.00
132.28,32.62,32.11,32.71,32.23,1063.05,7.87,-3.43,0.46,-2.56,0.11,33.72,1.20,31.16,1.31,0.00,0.00
134.47,33.25,32.77,33.35,32.89,1084.41,7.58,-3.75,0.29,-2.61,-0.24,32.34,1.81,29.73,1.57,0.00,0.00
136.67,33.88,33.42,33.99,33.55,1105.63,7.21,-3.95,0.22,-2.43,-0.07,30.94,2.42,28.50,2.36,0.00,0.00
139.39,34.65,34.23,34.78,34.38,1132.15,6.64,-4.49,0.24,-3.23,0.17,29.17,3.18,25.93,3.35,0.00,0.00
142.15,35.44,35.05,35.58,35.21,1158.78,6.02,-4.88,0.32,-3.14,0.30,27.34,3.95,24.19,4.25,0.00,0.00
144.54,36.12,35.76,36.26,35.93,1181.72,5.52,-5.13,0.37,-3.09,0.29,25.72,4.62,22.62,4.90,0.00,0.00
147.06,36.83,36.50,36.98,36.67,1205.67,4.99,-5.36,0.43,-3.14,0.33,23.99,5.32,20.85,5.66,0.00,0.00
149.35,37.47,37.16,37.62,37.35,1227.23,4.46,-5.45,0.54,-2.92,0.52,22.39,5.97,19.47,6.49,0.00,0.00
151.64,38.11,37.83,38.26,38.02,1248.67,3.87,-5.61,0.74,-3.15,0.79,20.77,6.61,17.62,7.40,0.00,0.00
153.82,38.71,38.45,38.86,38.66,1268.89,3.30,-5.62,0.94,-2.85,0.93,19.21,7.22,16.36,8.15,0.00,0.00
155.92,39.29,39.05,39.44,39.26,1288.29,2.90,-5.74,0.99,-3.15,0.62,17.68,7.81,14.53,8.43,0.00,0.00
158.21,39.92,39.70,40.06,39.91,1309.08,2.42,-5.62,1.11,-2.54,0.82,15.99,8.46,13.45,9.28,0.00,0.00
160.61,40.57,40.37,40.70,40.58,1330.45,1.96,-5.40,1.21,-2.26,0.81,14.20,9.14,11.94,9.95,0.00,0.00
162.51,41.08,40.90,41.19,41.09,1346.91,1.56,-4.82,1.33,-0.88,0.97,12.75,9.68,11.87,10.65,0.00,0.00
165.30,41.82,41.67,41.88,41.83,1370.36,0.97,-3.57,1.53,0.45,1.13,10.61,10.47,11.06,11.60,0.00,0.00
168.04,42.54,42.41,42.59,42.56,1394.02,0.48,-3.36,1.66,-1.30,1.06,8.47,11.24,7.17,12.30,0.00,0.00
170.37,43.14,43.03,43.18,43.19,1413.97,-0.13,-3.25,1.99,-1.37,1.70,6.62,11.91,5.25,13.61,0.00,0.00
172.81,43.77,43.67,43.79,43.83,1434.47,-0.68,-3.07,2.26,-1.18,1.69,4.66,12.60,3.48,14.29,0.00,0.00
175.03,44.33,44.25,44.33,44.41,1452.73,-1.19,-2.76,2.53,-0.69,1.87,2.86,13.23,2.17,15.10,0.00,0.00
177.16,44.86,44.79,44.86,44.96,1470.24,-1.60,-2.70,2.74,-1.20,1.85,1.10,13.84,-0.11,15.69,0.00,0.00
179.44,45.42,45.36,45.40,45.53,1488.61,-2.04,-2.51,2.97,-0.84,1.99,-0.81,14.50,-1.65,16.49,0.00,0.00
181.85,46.00,45.95,45.96,46.12,1507.29,-2.55,-2.03,3.28,-0.02,2.28,-2.84,15.18,-2.86,17.46,0.00,0.00
184.68,46.67,46.64,46.61,46.80,1529.11,-3.23,-1.73,3.75,-0.33,2.72,-5.27,16.00,-5.60,18.72,0.00,0.00
187.04,47.21,47.19,47.13,47.36,1546.86,-3.65,-1.52,4.03,-0.31,2.59,-7.31,16.67,-7.62,19.27,0.00,0.00
189.36,47.74,47.72,47.64,47.89,1563.85,-3.98,-1.13,4.23,0.27,2.56,-9.36,17.34,-9.09,19.91,0.00,0.00
191.49,48.21,48.20,48.11,48.37,1579.32,-4.31,-1.03,4.47,-0.27,2.80,-11.25,17.96,-11.52,20.75,0.00,0.00
194.22,48.80,48.80,48.68,48.96,1598.32,-4.64,-0.61,4.71,0.45,2.80,-13.70,18.74,-13.26,21.54,0.00,0.00
197.12,49.41,49.41,49.27,49.57,1617.92,-4.88,-0.15,4.90,0.71,2.77,-16.36,19.58,-15.64,22.35,0.00,0.00
199.48,49.89,49.89,49.74,50.04,1633.44,-4.97,0.08,4.97,0.53,2.63,-18.53,20.27,-18.00,22.90,0.00,0.00
201.77,50.00,50.00,50.18,50.49,1647.85,-5.05,-10.83,5.05,-29.17,2.72,38.38,-22.86,9.21,-20.14,0.00,0.00
203.89,50.42,50.43,50.58,50.89,1661.14,-5.12,-10.22,5.03,-3.68,2.45,37.66,-22.73,33.99,-20.28,0.00,0.00
206.66,50.97,51.00,51.08,51.43,1678.06,-5.78,-8.94,5.28,-2.15,3.11,36.71,-22.55,34.55,-19.45,0.00,0.00
209.26,51.47,51.54,51.53,51.96,1694.15,-7.16,-7.86,6.00,-1.86,4.38,35.79,-22.38,33.93,-18.00,0.00,0.00
211.52,51.90,52.02,51.93,52.44,1708.58,-8.24,-7.41,6.28,-2.71,3.76,34.98,-22.23,32.27,-18.47,0.00,0.00
214.28,52.42,52.62,52.42,53.00,1725.66,-9.43,-6.21,6.21,-0.93,2.98,33.97,-22.05,33.04,-19.06,0.00,0.00
217.29,52.97,53.28,52.89,53.56,1742.60,-10.88,-3.26,5.95,3.26,2.55,32.85,-21.83,36.11,-19.29,0.00,0.00
219.68,53.41,53.81,53.27,54.01,1756.20,-12.24,-1.07,5.71,4.05,2.33,31.94,-21.66,36.00,-19.33,0.00,0.00
222.04,53.83,54.34,53.62,54.48,1769.64,-14.02,1.02,5.68,4.94,2.79,31.04,-21.49,35.98,-18.69,0.00,0.00
224.14,54.20,54.82,53.94,54.90,1781.73,-15.82,2.82,5.69,5.68,2.87,30.21,-21.33,35.89,-18.46,0.00,0.00
226.90,54.67,55.45,54.35,55.48,1797.92,-18.37,4.74,5.64,5.87,2.73,29.12,-21.12,34.98,-18.39,0.00,0.00
229.60,55.13,56.08,54.75,56.04,1813.70,-21.01,6.67,5.46,6.91,2.38,28.02,-20.91,34.94,-18.52,0.00,0.00
231.91,55.50,56.61,55.10,56.51,1827.08,-23.20,8.33,5.03,7.77,1.60,27.08,-20.72,34.84,-19.12,0.00,0.00
234.11,55.86,57.13,55.42,56.98,1839.93,-25.51,9.79,4.66,8.21,1.47,26.16,-20.54,34.37,-19.07,0.00,0.00
236.33,56.21,57.66,55.74,57.45,1852.92,-28.06,11.20,4.32,8.77,1.39,25.22,-20.35,33.99,-18.96,0.00,0.00
239.10,56.64,58.32,56.14,58.05,1869.36,-31.33,12.61,3.74,8.84,0.84,24.04,-20.12,32.88,-19.28,0.00,0.00
241.66,57.02,58.94,56.51,58.61,1884.61,-34.45,13.76,3.06,9.14,0.20,22.92,-19.90,32.06,-19.70,0.00,0.00
243.88,57.35,59.48,56.82,59.10,1897.70,-37.38,14.77,2.51,9.67,0.01,21.94,-19.70,31.61,-19.69,0.00,0.00
246.64,57.74,60.15,57.20,59.71,1913.85,-41.18,16.03,1.75,10.29,-0.49,20.71,-19.45,31.00,-19.94,0.00,0.00
249.60,58.15,60.87,57.60,60.39,1931.54,-45.66,16.91,1.04,9.93,-0.68,19.36,-19.18,29.29,-19.86,0.00,0.00
251.92,58.46,61.44,57.90,60.92,1945.18,-49.35,17.59,0.48,10.26,-0.98,18.29,-18.96,28.55,-19.93,0.00,0.00
254.68,58.81,62.12,58.26,61.55,1961.33,-53.90,18.35,-0.28,10.55,-1.51,17.00,-18.69,27.55,-20.20,0.00,0.00
257.71,59.19,62.87,58.65,62.26,1979.22,-59.06,18.84,-1.24,10.23,-2.20,15.55,-18.40,25.79,-20.59,0.00,0.00
260.08,59.47,63.45,58.93,62.80,1992.84,-63.33,19.39,-1.96,10.86,-2.51,14.41,-18.16,25.27,-20.67,0.00,0.00
262.84,59.78,64.14,59.26,63.45,2008.77,-68.47,19.76,-2.85,10.55,-3.04,13.06,-17.88,23.61,-20.92,0.00,0.00
265.89,60.11,64.89,59.62,64.17,2026.46,-74.62,19.80,-3.64,9.96,-3.11,11.54,-17.57,21.50,-20.68,0.00,0.00
268.23,60.35,65.47,59.88,64.73,2039.89,-79.50,19.77,-4.28,9.82,-3.52,10.36,-17.32,20.19,-20.84,0.00,0.00
270.99,60.62,66.15,60.17,65.39,2055.44,-85.52,19.74,-4.98,9.82,-3.75,8.96,-17.03,18.78,-20.78,0.00,0.00
273.99,60.89,66.89,60.47,66.11,2072.21,-92.29,19.59,-5.79,9.53,-4.25,7.40,-16.70,16.93,-20.95,0.00,0.00
276.39,61.10,67.47,60.71,66.68,2085.37,-97.78,19.41,-6.53,9.34,-4.80,6.14,-16.43,15.48,-21.24,0.00,0.00
278.72,61.29,68.04,60.92,67.25,2098.09,-103.58,19.08,-6.94,8.84,-4.36,4.91,-16.17,13.75,-20.53,0.00,0.00
281.75,61.52,68.78,61.18,67.98,2114.35,-111.31,18.64,-7.54,8.58,-4.75,3.28,-15.83,11.86,-20.57,0.00,0.00
284.25,61.69,69.38,61.38,68.58,2127.51,-117.91,18.19,-7.99,8.20,-4.92,1.92,-15.54,10.12,-20.45,0.00,0.00
286.72,61.85,69.98,61.56,69.18,2140.17,-124.72,17.86,-8.34,8.25,-4.87,0.56,-15.24,8.81,-20.11,0.00,0.00
288.83,61.97,70.48,61.70,69.69,2150.78,-130.74,17.50,-8.54,7.91,-4.75,-0.61,-14.99,7.29,-19.74,0.00,0.00
291.60,62.12,71.14,61.86,70.36,2164.43,-139.06,17.05,-8.60,7.71,-4.40,-2.18,-14.66,5.53,-19.06,0.00,0.00
294.19,62.24,71.75,62.00,70.98,2176.82,-146.98,16.59,-8.68,7.40,-4.49,-3.65,-14.34,3.75,-18.83,0.00,0.00
296.36,62.33,72.26,62.11,71.50,2187.17,-153.79,16.01,-8.73,6.68,-4.47,-4.90,-14.07,1.78,-18.54,0.00,0.00
299.15,62.43,72.90,62.22,72.16,2199.82,-162.64,15.48,-8.81,6.77,-4.56,-6.52,-13.72,0.25,-18.28,0.00,0.00
301.79,62.50,73.50,62.30,72.77,2211.18,-171.41,15.25,-8.73,7.19,-4.21,-8.08,-13.38,-0.89,-17.59,0.00,0.00
304.00,62.55,74.00,62.34,73.27,2220.06,-178.95,15.35,-8.57,7.90,-3.91,-9.39,-13.09,-1.50,-17.01,0.00,0.00
306.77,62.59,74.62,62.37,73.89,2230.65,-188.50,15.64,-8.45,8.35,-4.02,-11.06,-12.73,-2.72,-16.74,0.00,0.00
309.45,62.62,75.21,62.41,74.50,2241.22,-198.02,15.12,-8.21,6.58,-3.65,-12.69,-12.37,-6.11,-16.02,0.00,0.00
311.63,62.62,75.69,62.42,75.00,2249.61,-206.02,14.59,-7.89,6.08,-3.23,-14.03,-12.08,-7.96,-15.31,0.00,0.00
314.42,62.61,76.29,62.41,75.63,2259.79,-216.36,14.02,-7.53,6.00,-3.10,-15.77,-11.70,-9.77,-14.80,0.00,0.00
316.93,62.58,76.82,62.40,76.19,2268.75,-225.88,13.28,-7.15,5.15,-2.83,-17.34,-11.35,-12.19,-14.18,0.00,0.00
319.96,62.53,77.45,62.35,76.86,2278.90,-237.57,12.47,-6.67,4.92,-2.55,-19.27,-10.92,-14.35,-13.47,0.00,0.00
322.44,62.46,77.95,62.30,77.39,2286.86,-247.06,11.72,-6.54,4.35,-2.99,-20.87,-10.57,-16.51,-13.56,0.00,0.00
324.74,62.38,78.41,62.24,77.89,2293.96,-256.11,10.88,-6.23,3.61,-2.45,-22.35,-10.24,-18.74,-12.69,0.00,0.00
327.64,62.27,78.98,62.15,78.50,2302.46,-267.52,9.73,-6.02,2.88,-2.65,-24.25,-9.82,-21.37,-12.47,0.00,0.00
329.97,62.15,79.42,62.08,78.97,2309.01,-276.59,8.65,-6.08,2.00,-3.17,-25.80,-9.48,-23.79,-12.65,0.00,0.00
332.76,62.00,79.94,61.96,79.53,2316.17,-287.64,7.47,-6.08,1.61,-3.04,-27.66,-9.06,-26.04,-12.10,0.00,0.00
335.67,61.81,80.47,61.82,80.10,2323.27,-299.27,5.97,-6.16,0.42,-3.21,-29.62,-8.62,-29.20,-11.83,0.00,0.00
337.95,61.65,80.88,61.70,80.54,2328.41,-308.45,4.76,-6.29,-0.26,-3.42,-31.18,-8.27,-31.44,-11.69,0.00,0.00
340.76,61.43,81.36,61.52,81.06,2334.08,-319.88,3.33,-6.39,-0.90,-3.38,-33.11,-7.84,-34.01,-11.22,0.00,0.00
343.60,61.18,81.83,61.33,81.58,2339.42,-331.59,1.63,-6.55,-2.18,-3.55,-35.09,-7.39,-37.27,-10.94,0.00,0.00
345.85,60.96,82.19,61.15,81.97,2343.04,-340.84,0.38,-6.74,-2.59,-3.81,-36.67,-7.04,-39.26,-10.84,0.00,0.00
348.63,60.67,82.63,60.92,82.44,2346.84,-352.31,-1.07,-7.12,-3.15,-4.25,-38.65,-6.59,-41.79,-10.84,0.00,0.00
351.31,60.37,83.03,60.66,82.88,2349.77,-363.60,-2.39,-7.33,-3.65,-4.05,-40.56,-6.16,-44.21,-10.21,0.00,0.00
354.30,60.00,83.45,60.36,83.34,2352.36,-376.13,-3.94,-7.81,-4.57,-4.71,-42.73,-5.67,-47.30,-10.38,0.00,0.00
356.84,59.67,83.80,60.08,83.72,2354.14,-387.03,-5.49,-8.04,-5.80,-4.47,-44.58,-5.25,-50.38,-9.72,0.00,0.00
359.26,59.33,84.12,59.80,84.07,2355.19,-397.33,-6.89,-8.45,-6.33,-5.09,-46.36,-4.84,-52.69,-9.93,0.00,0.00
362.32,58.88,84.50,59.41,84.49,2355.68,-410.47,-8.60,-8.96,-7.11,-5.31,-48.63,-4.33,-55.74,-9.63,0.00,0.00
364.76,58.49,84.78,59.08,84.81,2355.50,-421.06,-10.06,-9.35,-8.02,-5.48,-50.46,-3.91,-58.49,-9.39,0.00,0.00
367.53,58.03,85.09,58.67,85.13,2354.09,-433.19,-11.23,-9.81,-7.72,-5.72,-52.56,-3.43,-60.28,-9.15,0.00,0.00
370.62,57.48,85.41,58.18,85.48,2351.83,-446.90,-12.76,-10.27,-8.85,-5.88,-54.93,-2.89,-63.78,-8.77,0.00,0.00
372.94,57.05,85.63,57.79,85.73,2349.37,-457.32,-13.78,-10.53,-9.08,-5.82,-56.72,-2.48,-65.80,-8.30,0.00,0.00
375.75,56.50,85.87,57.28,86.00,2345.50,-470.02,-14.88,-10.87,-9.41,-6.04,-58.90,-1.98,-68.31,-8.02,0.00,0.00
378.43,55.94,86.09,56.77,86.24,2341.09,-482.48,-16.01,-10.98,-10.10,-5.70,-61.01,-1.49,-71.12,-7.19,0.00,0.00
381.45,55.29,86.30,56.16,86.49,2335.09,-496.52,-17.17,-11.16,-10.51,-5.88,-63.41,-0.94,-73.92,-6.83,0.00,0.00
383.95,54.73,86.46,55.63,86.66,2329.20,-508.01,-17.95,-11.49,-10.54,-6.39,-65.40,-0.48,-75.94,-6.88,0.00,0.00
386.74,54.07,86.61,54.99,86.82,2321.44,-521.02,-18.49,-11.80,-10.22,-6.45,-67.65,0.04,-77.87,-6.42,0.00,0.00
389.68,53.34,86.75,54.29,86.98,2312.57,-535.08,-19.31,-11.84,-11.05,-5.99,-70.05,0.59,-81.09,-5.40,0.00,0.00
391.91,52.77,86.83,53.74,87.07,2305.21,-545.65,-19.97,-12.02,-11.46,-6.42,-71.88,1.01,-83.34,-5.41,0.00,0.00
394.73,52.02,86.91,53.02,87.16,2294.75,-558.90,-20.46,-12.40,-11.09,-6.86,-74.20,1.55,-85.29,-5.31,0.00,0.00
397.20,51.33,86.96,52.36,87.23,2285.12,-570.78,-21.21,-12.52,-12.14,-6.51,-76.26,2.03,-88.40,-4.49,0.00,0.00
400.29,50.44,87.00,51.49,87.26,2271.26,-585.55,-21.40,-12.88,-11.00,-7.03,-78.86,2.63,-89.86,-4.40,0.00,0.00
402.68,50.00,87.00,50.80,87.28,2260.32,-597.13,-17.60,-8.57,-0.83,4.75,-41.11,41.19,-41.93,45.94,0.00,0.00
405.43,49.19,86.99,49.95,87.26,2246.10,-610.75,-16.87,-8.00,-7.11,-2.96,-40.40,41.51,-47.51,38.56,0.00,0.00
408.31,48.37,86.94,49.10,87.21,2231.47,-623.76,-16.27,-7.64,-7.10,-3.21,-39.66,41.82,-46.76,38.61,0.00,0.00
410.54,47.76,86.89,48.46,87.15,2220.02,-633.36,-15.68,-7.19,-6.53,-2.59,-39.08,42.05,-45.61,39.46,0.00,0.00
413.36,47.02,86.80,47.66,87.05,2205.25,-644.81,-14.54,-6.43,-5.24,-1.86,-38.35,42.32,-43.58,40.45,0.00,0.00
415.95,46.37,86.70,46.96,86.94,2191.98,-654.52,-13.72,-5.73,-5.28,-1.50,-37.67,42.55,-42.95,41.05,0.00,0.00
418.97,45.63,86.55,46.13,86.78,2175.79,-665.31,-11.98,-4.48,-3.11,-0.17,-36.87,42.79,-39.98,42.62,0.00,0.00
421.46,45.05,86.40,45.51,86.62,2163.00,-672.89,-11.02,-3.97,-3.58,-0.98,-36.20,42.97,-39.78,42.00,0.00,0.00
423.75,44.54,86.25,44.95,86.46,2151.18,-679.57,-10.03,-3.21,-2.87,0.07,-35.59,43.13,-38.46,43.20,0.00,0.00
426.64,43.92,86.04,44.30,86.23,2136.70,-686.43,-9.16,-2.99,-3.06,-1.13,-34.81,43.30,-37.87,42.17,0.00,0.00
429.01,43.44,85.85,43.79,86.02,2125.10,-691.35,-8.61,-2.83,-3.14,-1.08,-34.17,43.43,-37.31,42.35,0.00,0.00
431.81,42.89,85.60,43.21,85.76,2111.30,-696.53,-7.83,-2.53,-2.54,-0.72,-33.40,43.56,-35.94,42.84,0.00,0.00
434.74,42.36,85.32,42.64,85.46,2097.06,-700.99,-7.06,-2.28,-2.21,-0.71,-32.59,43.67,-34.80,42.96,0.00,0.00
437.01,41.96,85.08,42.22,85.21,2086.01,-703.74,-6.39,-2.20,-1.72,-0.92,-31.96,43.75,-33.69,42.83,0.00,0.00
439.79,41.49,84.77,41.74,84.87,2072.65,-706.00,-5.64,-2.49,-1.47,-1.77,-31.19,43.82,-32.66,42.05,0.00,0.00
442.51,41.07,84.45,41.32,84.52,2059.92,-707.21,-5.18,-3.04,-1.74,-2.54,-30.43,43.87,-32.17,41.33,0.00,0.00
444.71,40.74,84.18,40.99,84.23,2049.93,-707.74,-5.01,-3.41,-2.12,-2.54,-29.81,43.89,-31.93,41.35,0.00,0.00
447.51,40.34,83.81,40.62,83.84,2037.45,-707.61,-4.93,-4.01,-2.32,-3.08,-29.01,43.91,-31.33,40.82,0.00,0.00
450.08,40.01,83.46,40.30,83.47,2026.04,-706.71,-4.78,-4.70,-2.09,-3.69,-28.28,43.90,-30.37,40.21,0.00,0.00
453.11,39.64,83.03,39.96,82.99,2012.79,-704.42,-4.73,-5.95,-2.29,-5.03,-27.41,43.88,-29.70,38.85,0.00,0.00
455.63,39.35,82.65,39.70,82.58,2001.81,-702.00,-4.58,-6.87,-1.98,-5.27,-26.68,43.83,-28.66,38.56,0.00,0.00
458.04,39.10,82.28,39.48,82.19,1991.72,-699.28,-4.75,-7.64,-2.74,-5.42,-25.98,43.78,-28.72,38.35,0.00,0.00
461.10,38.80,81.79,39.21,81.67,1978.74,-695.06,-4.63,-8.67,-2.12,-6.01,-25.08,43.69,-27.20,37.68,0.00,0.00
463.52,38.59,81.39,39.02,81.23,1968.54,-691.13,-4.54,-9.49,-2.08,-6.46,-24.37,43.60,-26.45,37.14,0.00,0.00
466.28,38.37,80.91,38.82,80.73,1957.05,-686.05,-4.42,-10.44,-1.98,-6.94,-23.55,43.47,-25.54,36.53,0.00,0.00
469.34,38.15,80.37,38.64,80.16,1944.74,-679.72,-4.54,-11.48,-2.47,-7.43,-22.64,43.31,-25.11,35.88,0.00,0.00
471.67,38.00,79.95,38.51,79.72,1935.52,-674.60,-4.70,-12.05,-2.69,-7.24,-21.94,43.18,-24.64,35.94,0.00,0.00
474.48,37.84,79.42,38.39,79.17,1924.49,-667.64,-4.81,-12.98,-2.60,-8.15,-21.09,42.99,-23.70,34.84,0.00,0.00
477.29,37.71,78.88,38.28,78.60,1913.30,-660.12,-4.62,-13.86,-1.96,-8.50,-20.24,42.79,-22.21,34.29,0.00,0.00
479.49,37.62,78.45,38.21,78.16,1904.91,-653.93,-4.69,-14.48,-2.50,-8.64,-19.57,42.61,-22.07,33.97,0.00,0.00
482.30,37.53,77.89,38.13,77.58,1894.14,-645.89,-4.65,-14.83,-2.26,-8.05,-18.71,42.37,-20.97,34.32,0.00,0.00
484.81,37.47,77.38,38.08,77.06,1884.74,-638.09,-4.65,-15.32,-2.34,-8.64,-17.94,42.13,-20.27,33.50,0.00,0.00
487.85,37.41,76.75,38.04,76.41,1873.51,-628.15,-4.67,-15.79,-2.36,-8.67,-16.99,41.83,-19.35,33.16,0.00,0.00
490.30,37.39,76.23,38.02,75.88,1864.50,-619.74,-4.54,-16.16,-1.99,-8.84,-16.23,41.56,-18.22,32.72,0.00,0.00
493.08,37.38,75.63,38.02,75.27,1854.50,-609.85,-4.50,-16.40,-2.19,-8.61,-15.35,41.24,-17.55,32.63,0.00,0.00
496.14,37.39,74.97,38.02,74.60,1843.63,-598.73,-4.34,-16.37,-1.90,-8.14,-14.39,40.87,-16.29,32.73,0.00,0.00
498.42,37.42,74.46,38.04,74.08,1835.43,-590.10,-4.01,-16.29,-1.29,-7.98,-13.66,40.57,-14.95,32.60,0.00,0.00
501.24,37.47,73.83,38.06,73.45,1825.50,-579.24,-3.61,-15.97,-1.10,-7.41,-12.76,40.19,-13.86,32.78,0.00,0.00
503.95,37.53,73.21,38.11,72.82,1815.94,-568.32,-3.04,-15.71,-0.46,-7.37,-11.89,39.80,-12.36,32.43,0.00,0.00
506.93,37.63,72.52,38.16,72.14,1805.68,-556.17,-2.46,-15.07,-0.26,-6.46,-10.93,39.35,-11.19,32.89,0.00,0.00
509.48,37.73,71.93,38.23,71.55,1797.09,-545.56,-1.96,-14.37,-0.00,-5.81,-10.10,38.95,-10.11,33.14,0.00,0.00
511.90,37.83,71.36,38.28,71.00,1788.96,-535.52,-1.36,-13.35,0.55,-4.57,-9.31,38.55,-8.76,33.98,0.00,0.00
514.94,37.99,70.64,38.37,70.29,1778.70,-522.47,-0.37,-12.05,1.45,-3.89,-8.31,38.02,-6.86,34.14,0.00,0.00
517.37,38.13,70.06,38.45,69.72,1770.70,-511.81,0.43,-10.96,1.87,-3.23,-7.51,37.59,-5.64,34.36,0.00,0.00
519.71,38.28,69.50,38.55,69.16,1763.23,-501.17,1.11,-9.98,1.99,-2.91,-6.73,37.15,-4.74,34.24,0.00,0.00
521.78,38.42,69.00,38.64,68.68,1756.75,-491.77,1.70,-8.91,2.29,-1.87,-6.04,36.76,-3.75,34.89,0.00,0.00
524.54,38.62,68.33,38.77,68.03,1748.33,-479.00,2.47,-7.44,2.62,-1.04,-5.12,36.21,-2.50,35.17,0.00,0.00
527.12,38.82,67.70,38.90,67.42,1740.51,-466.79,3.32,-6.02,3.31,-0.27,-4.25,35.69,-0.94,35.42,0.00,0.00
529.34,39.01,67.16,39.02,66.89,1733.85,-456.20,4.14,-4.68,3.92,0.69,-3.50,35.22,0.42,35.91,0.00,0.00
532.08,39.25,66.49,39.19,66.24,1725.96,-442.81,5.01,-3.04,4.10,1.46,-2.57,34.62,1.53,36.09,0.00,0.00
535.05,39.53,65.76,39.40,65.55,1717.96,-428.07,5.65,-1.17,3.90,2.56,-1.56,33.95,2.35,36.51,0.00,0.00
537.46,39.78,65.16,39.59,65.00,1712.14,-415.90,5.70,0.37,2.95,3.37,-0.73,33.39,2.23,36.76,0.00,0.00
539.95,40.04,64.55,39.82,64.44,1706.67,-403.00,5.41,1.80,2.12,3.78,0.13,32.80,2.25,36.58,0.00,0.00
542.15,40.28,64.00,40.01,63.93,1701.53,-391.44,5.62,3.09,3.27,4.47,0.89,32.26,4.17,36.73,0.00,0.00
544.26,40.52,63.48,40.20,63.42,1696.37,-380.10,6.17,4.25,4.40,4.88,1.63,31.73,6.03,36.61,0.00,0.00
546.54,40.79,62.92,40.42,62.88,1691.05,-367.58,6.68,5.35,4.46,5.09,2.43,31.15,6.88,36.24,0.00,0.00
548.95,41.09,62.32,40.67,62.31,1685.75,-354.29,7.07,6.63,4.34,5.97,3.27,30.51,7.62,36.48,0.00,0.00
551.81,41.45,61.62,40.98,61.63,1679.73,-338.03,7.53,7.83,4.56,6.01,4.28,29.74,8.85,35.75,0.00,0.00
554.23,41.77,61.03,41.26,61.06,1675.12,-324.14,7.64,8.89,4.05,6.64,5.14,29.08,9.19,35.72,0.00,0.00
556.80,42.12,60.40,41.58,60.46,1670.46,-309.16,7.73,9.92,4.04,6.97,6.05,28.35,10.10,35.32,0.00,0.00
559.07,42.44,59.84,41.87,59.92,1666.33,-295.53,8.00,10.60,4.60,6.80,6.87,27.69,11.47,34.49,0.00,0.00
561.33,42.76,59.29,42.17,59.39,1662.57,-281.93,8.11,11.31,4.28,7.21,7.68,27.02,11.96,34.23,0.00,0.00
563.43,43.07,58.79,42.45,58.91,1659.28,-269.34,8.16,12.11,4.21,7.95,8.44,26.39,12.65,34.34,0.00,0.00
566.15,43.48,58.13,42.85,58.29,1655.61,-252.84,7.87,13.04,3.39,8.23,9.42,25.56,12.82,33.78,0.00,0.00
568.96,43.92,57.46,43.28,57.65,1652.18,-235.33,7.48,13.64,3.05,7.89,10.45,24.67,13.49,32.56,0.00,0.00
571.30,44.29,56.91,43.65,57.12,1649.50,-220.50,7.19,14.03,2.97,7.85,11.30,23.92,14.27,31.77,0.00,0.00
573.62,44.67,56.36,44.03,56.59,1647.10,-205.66,6.84,14.31,2.67,7.75,12.16,23.16,14.83,30.91,0.00,0.00
575.73,45.02,55.87,44.38,56.12,1645.21,-192.15,6.41,14.57,2.18,7.90,12.93,22.46,15.12,30.36,0.00,0.00
578.48,45.49,55.23,44.86,55.51,1643.06,-174.31,5.77,14.82,1.73,7.87,13.96,21.52,15.69,29.39,0.00,0.00
581.21,45.96,54.61,45.34,54.91,1641.13,-156.56,5.23,15.01,1.62,7.86,14.97,20.57,16.59,28.43,0.00,0.00
583.51,46.37,54.09,45.77,54.40,1639.83,-141.35,4.66,14.96,1.09,7.37,15.83,19.76,16.92,27.13,0.00,0.00
585.74,46.77,53.59,46.18,53.92,1638.67,-126.56,4.21,14.88,1.09,7.25,16.67,18.96,17.76,26.21,0.00,0.00
587.84,47.15,53.12,46.59,53.47,1637.85,-112.63,3.67,14.85,0.56,7.37,17.46,18.19,18.02,25.57,0.00,0.00
590.58,47.66,52.52,47.12,52.88,1637.00,-94.42,3.03,14.77,0.34,7.24,18.50,17.17,18.84,24.41,0.00,0.00
593.19,48.15,51.96,47.63,52.34,1636.60,-77.10,2.28,14.66,-0.30,7.10,19.49,16.19,19.19,23.29,0.00,0.00
595.45,48.58,51.48,48.09,51.88,1636.51,-61.96,1.59,14.47,-0.72,6.83,20.36,15.31,19.63,22.14,0.00,0.00
598.18,49.11,50.91,48.65,51.32,1636.60,-43.62,0.84,14.08,-0.95,6.32,21.40,14.25,20.45,20.57,0.00,0.00
601.16,49.70,50.31,49.28,50.72,1637.00,-23.51,0.07,13.56,-1.25,5.91,22.55,13.06,21.30,18.96,0.00,0.00
603.62,50.00,50.00,49.80,50.23,1637.52,-7.16,-0.50,7.16,-1.42,-9.43,-22.85,39.12,-24.27,29.69,0.00,0.00
606.06,50.49,49.51,50.33,49.75,1638.31,9.38,-1.42,6.65,-2.58,2.28,-22.69,38.29,-25.27,40.57,0.00,0.00
608.24,50.91,49.06,50.78,49.32,1638.73,23.91,-2.15,6.42,-2.77,2.67,-22.55,37.54,-25.31,40.21,0.00,0.00
611.00,51.45,48.48,51.34,48.72,1638.12,42.91,-2.22,5.62,-1.23,1.36,-22.35,36.57,-23.59,37.93,0.00,0.00
613.84,51.99,47.88,51.89,48.08,1636.49,62.25,-1.62,5.01,0.25,1.44,-22.15,35.55,-21.90,36.99,0.00,0.00
616.16,52.43,47.38,52.34,47.60,1636.01,77.72,-2.21,4.93,-2.39,2.28,-21.98,34.70,-24.37,36.98,0.00,0.00
618.41,52.84,46.89,52.79,47.15,1636.12,92.26,-3.57,5.23,-4.80,3.29,-21.82,33.86,-26.62,37.16,0.00,0.00
620.54,53.23,46.41,53.19,46.72,1635.41,105.91,-4.23,5.64,-3.66,3.78,-21.65,33.06,-25.32,36.84,0.00,0.00
623.31,53.73,45.79,53.69,46.13,1634.12,123.77,-4.97,6.06,-3.82,3.79,-21.44,32.00,-25.26,35.79,0.00,0.00
625.87,54.17,45.21,54.14,45.56,1632.12,140.34,-5.11,6.35,-2.83,3.75,-21.24,31.00,-24.07,34.75,0.00,0.00
628.05,54.55,44.71,54.50,45.07,1629.96,154.25,-4.98,6.78,-2.19,4.38,-21.06,30.13,-23.25,34.51,0.00,0.00
630.80,55.02,44.08,54.95,44.45,1627.26,171.89,-5.09,7.21,-2.74,4.38,-20.83,29.02,-23.57,33.40,0.00,0.00
633.57,55.48,43.43,55.39,43.82,1624.16,189.34,-5.10,7.88,-2.57,5.14,-20.60,27.88,-23.17,33.03,0.00,0.00
635.84,55.84,42.89,55.75,43.31,1621.61,203.64,-5.30,8.31,-3.10,5.12,-20.41,26.94,-23.50,32.06,0.00,0.00
638.60,56.28,42.24,56.17,42.66,1617.84,221.11,-5.13,8.75,-2.26,5.17,-20.16,25.76,-22.42,30.93,0.00,0.00
641.60,56.74,41.52,56.61,41.95,1613.31,239.99,-4.82,9.13,-1.89,5.20,-19.90,24.47,-21.78,29.67,0.00,0.00
643.96,57.09,40.95,56.94,41.38,1609.42,254.69,-4.48,9.52,-1.52,5.59,-19.68,23.44,-21.20,29.03,0.00,0.00
646.21,57.42,40.40,57.24,40.84,1605.53,268.51,-4.16,10.01,-1.36,6.09,-19.47,22.44,-20.83,28.53,0.00,0.00
649.06,57.82,39.71,57.62,40.15,1600.45,285.93,-3.84,10.54,-1.37,6.20,-19.20,21.15,-20.57,27.35,0.00,0.00
651.54,58.16,39.10,57.94,39.55,1595.84,301.03,-3.60,10.94,-1.31,6.28,-18.96,20.01,-20.27,26.29,0.00,0.00
653.91,58.48,38.52,58.23,38.96,1591.07,315.55,-3.20,11.12,-0.78,5.94,-18.73,18.91,-19.51,24.84,0.00,0.00
656.95,58.87,37.77,58.60,38.20,1584.52,333.94,-2.52,11.32,-0.14,6.00,-18.43,17.47,-18.57,23.47,0.00,0.00
659.45,59.17,37.16,58.88,37.57,1579.01,348.88,-2.06,11.49,-0.09,6.07,-18.18,16.28,-18.27,22.35,0.00,0.00
661.91,59.46,36.55,59.16,36.96,1573.45,363.38,-1.67,11.71,-0.05,6.30,-17.92,15.08,-17.97,21.39,0.00,0.00
664.03,59.71,36.03,59.39,36.43,1568.59,375.78,-1.42,11.84,-0.12,6.24,-17.70,14.04,-17.82,20.28,0.00,0.00
666.80,60.01,35.34,59.69,35.73,1562.07,392.12,-1.15,11.72,-0.09,5.63,-17.40,12.66,-17.49,18.28,0.00,0.00
669.37,60.28,34.71,59.94,35.08,1555.56,407.00,-0.63,11.58,0.70,5.54,-17.13,11.36,-16.43,16.90,0.00,0.00
671.51,60.49,34.18,60.15,34.54,1550.12,419.26,-0.34,11.49,0.50,5.53,-16.89,10.26,-16.40,15.79,0.00,0.00
674.27,60.75,33.50,60.40,33.85,1543.02,434.66,-0.08,11.47,0.44,5.69,-16.59,8.83,-16.15,14.53,0.00,0.00
676.96,60.99,32.84,60.64,33.18,1535.77,449.56,0.28,11.33,0.80,5.40,-16.28,7.42,-15.48,12.82,0.00,0.00
679.20,61.18,32.29,60.82,32.61,1529.53,461.84,0.62,11.10,1.08,5.03,-16.02,6.23,-14.94,11.26,0.00,0.00
681.94,61.40,31.62,61.04,31.93,1521.90,476.48,0.86,10.88,0.87,5.05,-15.71,4.76,-14.84,9.81,0.00,0.00
684.92,61.61,30.90,61.25,31.19,1513.36,492.08,1.09,10.68,0.93,5.00,-15.35,3.13,-14.42,8.13,0.00,0.00
687.37,61.77,30.31,61.41,30.59,1506.04,504.58,1.40,10.52,1.32,4.93,-15.06,1.77,-13.74,6.70,0.00,0.00
689.94,61.93,29.70,61.56,29.96,1498.22,517.43,1.72,10.26,1.48,4.63,-14.75,0.34,-13.26,4.96,0.00,0.00
692.18,62.05,29.16,61.69,29.41,1491.21,528.46,2.01,10.01,1.65,4.44,-14.47,-0.93,-12.82,3.51,0.00,0.00
694.91,62.19,28.52,61.82,28.74,1482.53,541.56,2.32,9.70,1.74,4.28,-14.13,-2.50,-12.39,1.78,0.00,0.00
697.89,62.32,27.82,61.95,28.03,1473.06,555.34,2.46,9.41,1.46,4.23,-13.75,-4.22,-12.29,0.00,0.00,0.00
700.37,62.41,27.24,62.05,27.43,1464.84,566.61,2.76,8.98,1.98,3.62,-13.43,-5.68,-11.45,-2.06,0.00,0.00
702.95,62.48,26.65,62.13,26.82,1456.18,577.99,2.98,8.56,1.92,3.46,-13.10,-7.21,-11.17,-3.75,0.00,0.00
705.20,62.54,26.14,62.19,26.30,1448.56,587.64,3.11,8.17,1.84,3.22,-12.80,-8.56,-10.96,-5.34,0.00,0.00
707.93,62.58,25.53,62.25,25.67,1439.24,598.80,3.17,7.83,1.70,3.29,-12.43,-10.22,-10.73,-6.93,0.00,0.00
710.93,62.62,24.86,62.29,24.99,1428.83,610.71,3.24,7.27,1.73,2.71,-12.03,-12.06,-10.30,-9.36,0.00,0.00
713.36,62.62,24.33,62.31,24.44,1420.21,619.89,3.30,6.89,1.78,2.65,-11.69,-13.57,-9.91,-10.92,0.00,0.00
715.79,62.61,23.81,62.31,23.91,1411.49,628.59,3.36,6.59,1.80,2.68,-11.36,-15.09,-9.56,-12.41,0.00,0.00
717.94,62.59,23.36,62.31,23.45,1403.76,636.15,3.30,6.16,1.52,2.08,-11.06,-16.46,-9.53,-14.38,0.00,0.00
720.69,62.55,22.78,62.27,22.86,1393.58,645.25,3.33,5.75,1.73,2.13,-10.66,-18.22,-8.94,-16.09,0.00,0.00
723.44,62.48,22.22,62.23,22.28,1383.43,654.02,3.20,5.13,1.36,1.45,-10.27,-20.00,-8.91,-18.55,0.00,0.00
725.72,62.41,21.76,62.19,21.82,1375.13,660.87,2.87,4.63,0.71,1.20,-9.94,-21.49,-9.23,-20.29,0.00,0.00
728.45,62.31,21.22,62.11,21.26,1364.86,668.76,2.63,3.86,0.87,0.53,-9.53,-23.30,-8.67,-22.77,0.00,0.00
731.44,62.17,20.65,62.02,20.68,1353.83,676.87,2.01,2.90,-0.03,-0.15,-9.09,-25.29,-9.12,-25.45,0.00,0.00
733.92,62.04,20.18,61.93,20.20,1344.54,683.02,1.49,2.18,-0.30,-0.37,-8.72,-26.97,-9.01,-27.34,0.00,0.00
736.36,61.89,19.74,61.82,19.75,1335.35,688.58,0.89,1.50,-0.78,-0.63,-8.34,-28.63,-9.12,-29.27,0.00,0.00
738.52,61.74,19.35,61.71,19.36,1327.18,693.35,0.34,0.65,-1.11,-1.65,-8.01,-30.12,-9.12,-31.77,0.00,0.00
741.29,61.53,18.87,61.56,18.86,1316.50,698.95,-0.34,-0.46,-1.40,-2.24,-7.58,-32.05,-8.98,-34.28,0.00,0.00
744.01,61.31,18.41,61.39,18.40,1306.11,703.70,-1.18,-1.44,-2.13,-2.51,-7.15,-33.95,-9.28,-36.46,0.00,0.00
746.20,61.10,18.05,61.22,18.04,1297.58,706.82,-1.86,-1.95,-2.47,-2.14,-6.80,-35.51,-9.27,-37.65,0.00,0.00
748.98,60.83,17.61,61.00,17.59,1286.69,710.64,-2.71,-3.07,-2.88,-3.55,-6.35,-37.49,-9.23,-41.04,0.00,0.00
751.64,60.54,17.20,60.78,17.18,1276.27,713.80,-3.64,-4.28,-3.59,-4.42,-5.92,-39.41,-9.51,-43.83,0.00,0.00
753.82,60.29,16.88,60.59,16.85,1267.59,716.00,-4.39,-5.34,-3.90,-5.10,-5.56,-41.00,-9.47,-46.10,0.00,0.00
756.61,59.94,16.48,60.31,16.45,1256.47,717.98,-5.40,-6.50,-4.50,-5.33,-5.10,-43.05,-9.60,-48.38,0.00,0.00
759.21,59.60,16.13,60.02,16.09,1245.95,719.08,-6.33,-7.48,-4.95,-5.62,-4.66,-44.98,-9.62,-50.60,0.00,0.00
761.38,59.29,15.85,59.77,15.81,1237.25,719.54,-7.23,-8.33,-5.69,-6.13,-4.30,-46.60,-9.99,-52.73,0.00,0.00
764.17,58.88,15.50,59.41,15.46,1225.69,719.54,-8.13,-9.49,-5.69,-6.83,-3.82,-48.71,-9.51,-55.54,0.00,0.00
766.76,58.46,15.20,59.07,15.15,1214.94,719.01,-9.07,-10.72,-6.34,-7.74,-3.37,-50.68,-9.71,-58.42,0.00,0.00
768.93,58.10,14.96,58.76,14.89,1205.67,718.13,-9.61,-11.82,-6.05,-8.45,-3.00,-52.34,-9.04,-60.79,0.00,0.00
771.72,57.62,14.67,58.34,14.59,1193.94,716.15,-10.64,-13.10,-7.18,-8.83,-2.50,-54.51,-9.68,-63.34,0.00,0.00
774.24,57.15,14.42,57.93,14.35,1183.30,713.41,-11.62,-13.97,-7.74,-8.72,-2.06,-56.48,-9.80,-65.20,0.00,0.00
777.29,56.56,14.15,57.40,14.10,1170.49,708.84,-12.95,-14.66,-8.66,-8.46,-1.51,-58.88,-10.17,-67.35,0.00,0.00
779.74,56.06,13.95,56.96,13.91,1160.19,704.62,-14.07,-15.38,-9.34,-9.16,-1.07,-60.83,-10.41,-69.99,0.00,0.00
782.53,55.46,13.75,56.42,13.72,1148.13,698.95,-15.13,-16.13,-9.46,-9.40,-0.56,-63.07,-10.01,-72.48,0.00,0.00
785.49,54.80,13.56,55.79,13.51,1134.33,692.14,-15.38,-17.07,-8.10,-10.13,-0.01,-65.48,-8.11,-75.61,0.00,0.00
787.74,54.27,13.43,55.27,13.37,1123.76,685.88,-15.48,-17.33,-7.97,-9.22,0.41,-67.31,-7.56,-76.54,0.00,0.00
790.54,53.59,13.29,54.59,13.25,1110.57,676.89,-15.70,-17.28,-8.25,-8.55,0.94,-69.62,-7.31,-78.17,0.00,0.00
793.12,52.93,13.19,53.95,13.14,1098.16,668.10,-15.73,-17.54,-7.92,-9.28,1.43,-71.77,-6.49,-81.05,0.00,0.00
796.13,52.13,13.10,53.16,13.05,1083.79,656.61,-15.92,-17.57,-8.28,-8.83,2.01,-74.29,-6.27,-83.12,0.00,0.00
798.65,51.44,13.04,52.46,12.99,1071.44,646.26,-15.82,-17.68,-7.70,-9.06,2.50,-76.42,-5.20,-85.49,0.00,0.00
801.07,50.75,13.01,51.77,12.95,1059.42,635.45,-15.62,-17.65,-7.41,-8.77,2.97,-78.49,-4.44,-87.26,0.00,0.00
804.13,50.00,13.00,50.86,12.95,1044.50,620.57,-13.18,-14.88,-2.59,-2.90,41.73,-41.66,39.14,-44.56,0.00,0.00
806.51,49.30,13.01,50.11,12.96,1032.55,608.23,-12.57,-14.20,-5.01,-5.68,41.98,-41.05,36.97,-46.72,0.00,0.00
809.30,48.50,13.05,49.26,13.01,1019.41,593.44,-11.83,-13.02,-4.59,-4.39,42.25,-40.33,37.66,-44.71,0.00,0.00
812.29,47.68,13.12,48.37,13.09,1006.14,577.44,-10.82,-11.54,-3.71,-3.29,42.51,-39.55,38.80,-42.84,0.00,0.00
814.58,47.08,13.19,47.70,13.17,996.40,565.18,-9.76,-10.34,-2.57,-2.57,42.70,-38.95,40.13,-41.51,0.00,0.00
817.35,46.38,13.30,46.92,13.29,985.59,550.59,-8.65,-9.11,-2.32,-2.32,42.91,-38.22,40.59,-40.54,0.00,0.00
820.10,45.71,13.44,46.16,13.43,975.55,535.89,-7.34,-7.55,-1.28,-0.93,43.10,-37.49,41.82,-38.42,0.00,0.00
822.34,45.19,13.56,45.59,13.58,968.61,523.96,-6.88,-6.27,-2.41,-0.29,43.24,-36.89,40.82,-37.18,0.00,0.00
825.12,44.56,13.74,44.91,13.77,960.61,509.66,-6.15,-5.13,-1.77,-0.51,43.39,-36.14,41.62,-36.65,0.00,0.00
827.91,43.96,13.95,44.27,13.98,953.58,495.75,-5.57,-4.35,-1.75,-0.77,43.53,-35.38,41.78,-36.16,0.00,0.00
830.18,43.50,14.13,43.78,14.17,948.64,484.58,-5.26,-3.81,-1.94,-0.72,43.62,-34.76,41.68,-35.49,0.00,0.00
832.96,42.95,14.37,43.20,14.43,943.32,470.98,-4.86,-3.11,-1.70,-0.29,43.72,-34.00,42.02,-34.29,0.00,0.00
835.84,42.42,14.65,42.63,14.71,938.62,457.03,-4.41,-2.46,-1.43,-0.11,43.80,-33.20,42.37,-33.31,0.00,0.00
838.14,42.01,14.89,42.21,14.97,935.94,445.96,-4.51,-1.91,-2.46,0.24,43.85,-32.56,41.39,-32.33,0.00,0.00
840.92,41.55,15.19,41.75,15.30,934.00,433.04,-5.21,-1.58,-3.87,-0.19,43.89,-31.79,40.02,-31.98,0.00,0.00
843.95,41.07,15.55,41.27,15.67,932.24,419.08,-5.47,-1.29,-3.16,-0.17,43.92,-30.93,40.76,-31.11,0.00,0.00
846.32,40.72,15.84,40.94,15.98,931.76,408.60,-5.93,-1.38,-3.95,-0.87,43.92,-30.26,39.97,-31.13,0.00,0.00
849.08,40.33,16.20,40.58,16.35,931.85,396.67,-6.45,-1.66,-4.16,-1.34,43.90,-29.47,39.74,-30.82,0.00,0.00
852.08,39.94,16.61,40.21,16.79,933.21,383.44,-7.47,-1.62,-5.43,-0.74,43.87,-28.61,38.44,-29.35,0.00,0.00
854.49,39.65,16.96,39.96,17.16,935.08,373.14,-8.46,-1.75,-6.30,-1.16,43.82,-27.91,37.52,-29.07,0.00,0.00
856.75,39.39,17.30,39.73,17.52,937.10,363.65,-9.19,-2.01,-6.19,-1.56,43.76,-27.26,37.57,-28.81,0.00,0.00
859.56,39.09,17.73,39.48,17.96,940.24,352.22,-10.09,-2.54,-6.65,-2.21,43.67,-26.43,37.01,-28.65,0.00,0.00
862.05,38.85,18.13,39.26,18.37,943.52,342.00,-10.80,-2.81,-6.84,-1.96,43.57,-25.70,36.73,-27.66,0.00,0.00
864.39,38.64,18.52,39.08,18.77,947.12,332.45,-11.51,-3.05,-7.26,-2.04,43.46,-25.01,36.20,-27.05,0.00,0.00
867.28,38.40,19.01,38.89,19.30,952.59,320.73,-12.79,-3.26,-8.61,-1.99,43.31,-24.15,34.70,-26.13,0.00,0.00
869.73,38.22,19.44,38.75,19.74,957.49,311.15,-13.59,-3.68,-8.44,-2.69,43.17,-23.41,34.73,-26.10,0.00,0.00
872.00,38.07,19.85,38.63,20.16,962.32,302.43,-14.20,-4.13,-8.42,-3.07,43.02,-22.73,34.60,-25.80,0.00,0.00
874.83,37.90,20.37,38.49,20.68,968.74,291.60,-14.79,-4.56,-8.45,-3.04,42.82,-21.87,34.37,-24.91,0.00,0.00
877.27,37.78,20.83,38.40,21.15,974.83,282.33,-15.35,-4.91,-8.82,-3.16,42.63,-21.13,33.81,-24.29,0.00,0.00
879.53,37.68,21.27,38.33,21.60,981.07,273.71,-16.07,-5.10,-9.62,-2.97,42.44,-20.43,32.81,-23.40,0.00,0.00
882.39,37.57,21.83,38.24,22.18,989.13,262.90,-16.63,-5.25,-9.29,-2.89,42.18,-19.55,32.89,-22.45,0.00,0.00
884.81,37.50,22.32,38.19,22.67,996.27,254.03,-16.95,-5.53,-9.14,-3.35,41.94,-18.80,32.81,-22.15,0.00,0.00
887.57,37.44,22.89,38.15,23.23,1004.73,244.29,-17.12,-6.09,-8.88,-4.07,41.65,-17.94,32.77,-22.01,0.00,0.00
890.62,37.40,23.53,38.12,23.86,1014.60,233.42,-17.25,-6.38,-8.83,-3.67,41.31,-16.99,32.48,-20.65,0.00,0.00
892.98,37.38,24.03,38.11,24.37,1022.75,224.98,-17.44,-6.44,-9.13,-3.35,41.03,-16.24,31.90,-19.59,0.00,0.00
895.80,37.38,24.64,38.10,24.98,1032.66,214.85,-17.35,-6.32,-8.51,-2.95,40.68,-15.35,32.17,-18.30,0.00,0.00
898.75,37.40,25.29,38.12,25.63,1043.56,204.48,-17.26,-6.21,-8.49,-2.92,40.29,-14.41,31.80,-17.32,0.00,0.00
901.03,37.43,25.80,38.13,26.12,1051.84,196.70,-16.68,-6.23,-7.07,-3.16,39.97,-13.67,32.90,-16.83,0.00,0.00
903.82,37.49,26.43,38.17,26.73,1062.43,187.23,-16.01,-6.13,-6.81,-2.88,39.56,-12.77,32.76,-15.65,0.00,0.00
906.60,37.57,27.07,38.22,27.37,1073.73,177.76,-15.64,-5.81,-7.15,-2.32,39.14,-11.87,31.99,-14.19,0.00,0.00
908.81,37.64,27.58,38.27,27.87,1082.69,170.29,-15.03,-5.46,-6.13,-1.96,38.79,-11.15,32.66,-13.11,0.00,0.00
911.60,37.76,28.22,38.34,28.50,1094.23,161.10,-14.12,-5.08,-5.43,-1.86,38.33,-10.23,32.89,-12.09,0.00,0.00
914.22,37.88,28.84,38.41,29.09,1104.99,152.64,-12.78,-4.74,-3.85,-1.72,37.87,-9.37,34.03,-11.09,0.00,0.00
916.35,37.99,29.35,38.48,29.58,1114.11,145.77,-11.85,-4.30,-3.74,-1.11,37.49,-8.66,33.76,-9.78,0.00,0.00
919.13,38.15,30.01,38.58,30.23,1126.39,136.76,-10.65,-3.53,-3.17,-0.38,36.98,-7.74,33.81,-8.12,0.00,0.00
921.68,38.31,30.62,38.69,30.84,1138.24,128.63,-9.76,-2.80,-3.14,0.03,36.49,-6.88,33.35,-6.85,0.00,0.00
923.82,38.46,31.14,38.79,31.34,1147.97,121.93,-8.63,-2.15,-1.65,0.46,36.07,-6.16,34.41,-5.70,0.00,0.00
926.58,38.66,31.81,38.92,31.98,1160.74,113.60,-7.08,-1.42,-0.75,0.61,35.50,-5.23,34.76,-4.62,0.00,0.00
929.36,38.89,32.49,39.07,32.64,1173.92,105.34,-5.46,-0.63,0.18,1.10,34.91,-4.28,35.09,-3.18,0.00,0.00
931.63,39.08,33.05,39.21,33.17,1184.86,98.81,-4.13,-0.02,0.87,1.34,34.42,-3.50,35.29,-2.16,0.00,0.00
933.75,39.27,33.57,39.34,33.68,1195.41,92.72,-3.01,0.67,1.14,1.96,33.95,-2.78,35.09,-0.82,0.00,0.00
935.98,39.48,34.12,39.50,34.21,1206.68,86.55,-1.83,1.32,1.72,2.11,33.44,-2.01,35.15,0.10,0.00,0.00
938.71,39.76,34.79,39.71,34.86,1220.68,79.37,-0.37,1.94,2.51,2.12,32.80,-1.06,35.30,1.06,0.00,0.00
941.46,40.05,35.47,39.94,35.51,1235.09,72.49,1.09,2.43,3.20,2.10,32.13,-0.10,35.33,2.00,0.00,0.00
943.82,40.30,36.05,40.15,36.07,1247.60,66.77,2.36,2.87,3.86,2.36,31.54,0.72,35.41,3.08,0.00,0.00
946.24,40.58,36.65,40.37,36.65,1260.85,60.93,3.43,3.47,3.94,2.98,30.93,1.58,34.87,4.55,0.00,0.00
948.51,40.85,37.21,40.60,37.19,1273.33,55.81,4.55,3.84,4.73,2.74,30.34,2.38,35.06,5.12,0.00,0.00
950.81,41.14,37.78,40.84,37.73,1286.27,50.91,5.54,4.09,4.93,2.59,29.72,3.19,34.66,5.79,0.00,0.00
953.00,41.42,38.32,41.09,38.25,1298.77,46.45,6.47,4.28,5.34,2.57,29.12,3.98,34.46,6.55,0.00,0.00
955.22,41.71,38.86,41.34,38.78,1311.58,42.06,7.30,4.53,5.54,2.83,28.51,4.77,34.05,7.60,0.00,0.00
957.34,41.99,39.38,41.60,39.28,1324.08,38.03,7.99,4.73,5.62,2.84,27.91,5.53,33.53,8.37,0.00,0.00
959.50,42.29,39.91,41.88,39.79,1336.85,34.21,8.78,4.82,6.22,2.60,27.28,6.31,33.50,8.92,0.00,0.00
961.62,42.59,40.42,42.16,40.28,1349.57,30.74,9.41,4.79,6.18,2.32,26.66,7.08,32.84,9.40,0.00,0.00
963.82,42.91,40.96,42.47,40.79,1363.00,27.38,9.98,4.67,6.28,2.06,26.00,7.88,32.28,9.94,0.00,0.00
965.99,43.24,41.48,42.77,41.30,1376.25,24.13,10.59,4.65,6.72,2.29,25.33,8.68,32.06,10.97,0.00,0.00
968.51,43.62,42.08,43.15,41.88,1392.00,20.79,11.06,4.40,6.45,1.71,24.55,9.60,31.00,11.31,0.00,0.00
971.34,44.07,42.76,43.59,42.54,1409.86,17.20,11.47,4.23,6.46,1.82,23.65,10.64,30.11,12.46,0.00,0.00
973.71,44.45,43.32,43.96,43.08,1424.87,14.50,11.88,4.01,6.80,1.54,22.88,11.52,29.68,13.06,0.00,0.00
976.17,44.85,43.90,44.37,43.64,1440.76,12.02,12.09,3.67,6.47,1.14,22.06,12.44,28.54,13.58,0.00,0.00
978.38,45.22,44.41,44.76,44.14,1455.19,10.11,12.12,3.24,6.12,0.66,21.32,13.27,27.44,13.92,0.00,0.00
980.49,45.58,44.89,45.13,44.61,1469.10,8.59,12.06,2.70,5.90,0.05,20.59,14.06,26.49,14.11,0.00,0.00
982.70,45.97,45.40,45.53,45.10,1483.69,7.05,12.04,2.25,5.98,0.11,19.82,14.89,25.81,15.00,0.00,0.00
985.41,46.45,46.01,46.04,45.71,1501.89,5.36,11.68,1.77,5.18,-0.00,18.86,15.92,24.04,15.91,0.00,0.00
988.23,46.96,46.64,46.57,46.32,1520.61,4.04,11.59,1.12,5.62,-0.59,17.84,16.99,23.47,16.40,0.00,0.00
990.58,47.39,47.16,47.02,46.82,1536.25,3.23,11.49,0.53,5.55,-0.99,16.98,17.89,22.52,16.90,0.00,0.00
992.97,47.83,47.68,47.49,47.33,1552.25,2.68,11.27,-0.12,5.17,-1.42,16.08,18.80,21.25,17.38,0.00,0.00
995.18,48.25,48.15,47.94,47.80,1567.19,2.29,10.94,-0.63,4.72,-1.48,15.24,19.66,19.96,18.18,0.00,0.00
997.90,48.77,48.72,48.49,48.37,1585.62,1.98,10.43,-1.17,4.28,-1.58,14.19,20.71,18.47,19.13,0.00,0.00
1000.88,49.36,49.34,49.10,48.98,1605.68,1.91,10.01,-1.69,4.29,-1.72,13.01,21.87,17.31,20.15,0.00,0.00
1002.95,49.76,49.76,49.53,49.39,1619.44,2.26,9.82,-2.23,4.47,-2.43,12.19,22.68,16.66,20.25,0.00,0.00
1005.88,50.00,50.00,50.14,49.97,1638.84,2.86,-1.82,-2.86,-20.76,-2.49,20.86,19.24,0.10,16.75,0.00,0.00
1007.89,50.40,50.40,50.58,50.36,1652.38,3.52,-2.19,-3.43,-2.03,-3.15,20.32,19.68,18.29,16.53,0.00,0.00
1010.28,50.89,50.87,51.08,50.81,1668.02,4.35,-2.10,-3.95,-0.86,-3.05,19.67,20.20,18.81,17.14,0.00,0.00
1013.31,51.53,51.46,51.69,51.36,1687.01,5.43,-1.13,-4.29,1.03,-2.70,18.82,20.85,19.86,18.14,0.00,0.00
1015.39,51.97,51.85,52.13,51.74,1700.28,6.33,-0.68,-4.47,0.76,-2.66,18.23,21.29,18.99,18.63,0.00,0.00
1018.12,52.56,52.37,52.71,52.24,1718.01,7.67,-0.39,-4.60,0.33,-2.54,17.43,21.86,17.76,19.33,0.00,0.00
1020.18,53.01,52.75,53.15,52.61,1731.39,8.83,-0.13,-4.65,0.56,-2.45,16.82,22.30,17.38,19.84,0.00,0.00
1022.91,53.61,53.25,53.74,53.09,1748.84,10.50,0.43,-4.59,1.25,-2.20,15.99,22.86,17.24,20.67,0.00,0.00
1025.66,54.23,53.74,54.33,53.58,1766.59,12.35,0.85,-4.41,1.19,-1.86,15.13,23.43,16.32,21.57,0.00,0.00
1027.75,54.70,54.11,54.79,53.94,1779.86,13.89,1.35,-4.21,1.87,-1.62,14.47,23.86,16.34,22.23,0.00,0.00
1030.36,55.30,54.56,55.35,54.37,1796.28,16.02,2.14,-3.93,2.58,-1.43,13.62,24.39,16.20,22.95,0.00,0.00
1032.49,55.79,54.92,55.82,54.73,1809.70,17.80,2.68,-3.56,2.60,-0.91,12.92,24.81,15.52,23.90,0.00,0.00
1035.23,56.43,55.38,56.43,55.18,1827.06,20.39,3.21,-3.14,2.59,-0.80,12.00,25.36,14.59,24.55,0.00,0.00
1037.84,57.04,55.80,57.01,55.61,1843.56,22.85,3.71,-2.47,2.81,0.04,11.11,25.87,13.91,25.92,0.00,0.00
1039.94,57.54,56.13,57.48,55.95,1856.81,25.11,4.10,-2.03,2.97,0.02,10.37,26.29,13.34,26.31,0.00,0.00
1042.37,58.12,56.51,58.03,56.32,1871.84,27.95,4.76,-1.55,3.73,0.22,9.51,26.76,13.24,26.98,0.00,0.00
1044.50,58.63,56.83,58.51,56.64,1884.93,30.59,5.32,-1.11,3.98,0.48,8.74,27.17,12.73,27.65,0.00,0.00
1047.22,59.29,57.24,59.12,57.04,1901.61,34.08,6.03,-0.43,4.31,1.04,7.75,27.69,12.06,28.73,0.00,0.00
1049.95,59.96,57.63,59.74,57.43,1918.18,37.77,6.70,0.31,4.59,1.51,6.73,28.21,11.32,29.72,0.00,0.00
1052.01,60.46,57.92,60.21,57.73,1930.70,40.67,7.09,0.92,4.49,1.95,5.95,28.59,10.43,30.54,0.00,0.00
1054.70,61.12,58.28,60.83,58.10,1946.96,44.74,7.63,1.68,4.82,2.25,4.91,29.09,9.73,31.34,0.00,0.00
1056.77,61.63,58.55,61.31,58.38,1959.31,48.05,8.04,2.23,5.02,2.43,4.10,29.48,9.11,31.90,0.00,0.00
1059.13,62.21,58.85,61.86,58.68,1973.22,52.08,8.56,2.78,5.36,2.56,3.16,29.91,8.52,32.47,0.00,0.00
1061.24,62.73,59.11,62.36,58.94,1985.64,55.94,8.91,3.16,5.31,2.47,2.31,30.29,7.62,32.76,0.00,0.00
1063.94,63.39,59.44,62.99,59.28,2001.57,60.80,9.16,3.95,5.04,3.43,1.20,30.77,6.25,34.21,0.00,0.00
1065.93,63.88,59.67,63.45,59.51,2013.01,64.47,9.52,4.59,5.66,3.92,0.38,31.13,6.04,35.05,0.00,0.00
1068.62,64.55,59.96,64.08,59.83,2028.35,69.61,9.95,5.48,5.76,4.39,-0.76,31.61,5.00,36.00,0.00,0.00
1071.35,65.22,60.25,64.72,60.11,2043.62,75.48,10.40,5.95,6.04,3.84,-1.93,32.08,4.11,35.92,0.00,0.00
1073.44,65.74,60.46,65.22,60.32,2055.11,80.22,10.79,6.22,6.33,3.75,-2.84,32.44,3.50,36.19,0.00,0.00
1076.20,66.42,60.72,65.87,60.60,2070.30,86.33,11.01,6.91,5.91,4.71,-4.05,32.92,1.86,37.63,0.00,0.00
1078.29,66.93,60.91,66.36,60.80,2081.72,91.08,11.10,7.49,5.77,5.11,-4.98,33.27,0.78,38.38,0.00,0.00
1080.66,67.51,61.11,66.93,61.01,2094.42,96.81,11.24,7.93,5.90,4.90,-6.06,33.67,-0.16,38.57,0.00,0.00
1082.78,68.03,61.29,67.43,61.18,2105.50,102.28,11.45,8.12,6.23,4.51,-7.03,34.02,-0.80,38.54,0.00,0.00
1085.53,68.70,61.49,68.08,61.40,2119.60,109.47,11.67,8.46,6.24,4.84,-8.30,34.48,-2.06,39.32,0.00,0.00
1088.15,69.33,61.68,68.71,61.59,2133.05,116.43,11.60,8.87,5.67,5.23,-9.54,34.90,-3.87,40.13,0.00,0.00
1090.29,69.85,61.82,69.22,61.75,2143.99,122.39,11.38,9.10,5.18,5.09,-10.56,35.25,-5.39,40.34,0.00,0.00
1092.71,70.43,61.96,69.79,61.90,2155.81,129.29,11.37,9.32,5.67,5.10,-11.73,35.64,-6.07,40.74,0.00,0.00
1095.47,71.08,62.11,70.45,62.06,2169.15,137.42,11.19,9.51,5.28,5.11,-13.09,36.07,-7.81,41.19,0.00,0.00
1097.79,71.63,62.22,71.00,62.17,2179.98,144.58,11.12,9.50,5.41,4.73,-14.24,36.44,-8.83,41.17,0.00,0.00
1100.22,72.20,62.32,71.58,62.28,2191.21,152.23,10.85,9.49,4.87,4.71,-15.46,36.81,-10.59,41.53,0.00,0.00
1102.38,72.70,62.40,72.08,62.37,2200.99,159.02,10.53,9.59,4.50,5.03,-16.55,37.14,-12.05,42.17,0.00,0.00
1105.14,73.33,62.48,72.73,62.46,2213.10,168.05,10.18,9.58,4.46,4.77,-17.98,37.56,-13.51,42.33,0.00,0.00
1107.78,73.93,62.54,73.34,62.54,2224.35,176.79,9.75,9.62,4.07,4.89,-19.35,37.96,-15.28,42.85,0.00,0.00
1109.91,74.41,62.58,73.83,62.59,2233.20,183.98,9.33,9.65,3.67,4.89,-20.48,38.27,-16.80,43.16,0.00,0.00
1112.35,74.95,62.61,74.39,62.61,2242.74,192.74,9.14,9.29,4.18,3.92,-21.78,38.63,-17.61,42.55,0.00,0.00
1115.15,75.56,62.62,75.02,62.64,2253.39,202.68,8.72,9.15,3.60,4.32,-23.29,39.04,-19.69,43.36,0.00,0.00
1117.41,76.05,62.62,75.52,62.64,2261.61,210.83,8.43,9.07,3.59,4.35,-24.53,39.36,-20.94,43.71,0.00,0.00
1119.72,76.54,62.60,76.02,62.62,2269.65,219.38,8.12,8.85,3.38,3.95,-25.80,39.69,-22.42,43.63,0.00,0.00
1121.88,77.00,62.57,76.49,62.60,2276.99,227.46,7.72,8.69,2.93,3.98,-27.01,39.99,-24.08,43.97,0.00,0.00
1124.64,77.56,62.51,77.08,62.53,2285.54,238.16,7.55,8.24,3.47,3.31,-28.57,40.37,-25.10,43.68,0.00,0.00
1127.22,78.09,62.44,77.62,62.46,2293.25,248.14,7.20,8.00,2.91,3.54,-30.05,40.72,-27.13,44.27,0.00,0.00
1129.36,78.51,62.37,78.06,62.40,2299.36,256.36,6.81,7.94,2.49,3.81,-31.28,41.01,-28.78,44.82,0.00,0.00
1131.78,78.98,62.27,78.55,62.31,2305.78,265.87,6.48,7.78,2.57,3.58,-32.69,41.34,-30.12,44.91,0.00,0.00
1134.72,79.54,62.12,79.13,62.17,2312.98,277.65,6.10,7.56,2.40,3.41,-34.43,41.72,-32.02,45.13,0.00,0.00
1136.98,79.96,61.99,79.56,62.04,2317.99,286.92,5.88,7.27,2.45,2.99,-35.78,42.02,-33.33,45.00,0.00,0.00
1139.26,80.38,61.85,79.99,61.89,2322.52,296.26,5.78,7.10,2.69,3.19,-37.15,42.31,-34.47,45.49,0.00,0.00
1141.37,80.76,61.70,80.37,61.74,2326.37,305.09,5.67,6.83,2.56,2.78,-38.44,42.58,-35.88,45.35,0.00,0.00
1144.12,81.23,61.49,80.86,61.52,2330.83,316.49,5.52,6.70,2.49,3.11,-40.12,42.92,-37.63,46.03,0.00,0.00
1146.70,81.66,61.27,81.30,61.31,2334.52,327.24,5.31,6.66,2.25,3.26,-41.73,43.24,-39.48,46.49,0.00,0.00
1148.83,82.01,61.07,81.66,61.12,2337.22,336.25,5.07,6.60,1.96,3.16,-43.06,43.50,-41.10,46.65,0.00,0.00
1151.26,82.40,60.83,82.05,60.88,2339.68,346.55,4.92,6.54,2.16,3.15,-44.60,43.79,-42.44,46.93,0.00,0.00
1154.20,82.85,60.51,82.50,60.55,2341.77,359.47,4.96,6.23,2.55,2.59,-46.48,44.14,-43.94,46.72,0.00,0.00
1156.45,83.18,60.24,82.84,60.28,2342.84,369.27,4.98,6.14,2.54,2.87,-47.94,44.40,-45.39,47.26,0.00,0.00
1158.75,83.50,59.96,83.16,59.98,2343.33,379.40,5.15,6.04,2.94,2.79,-49.44,44.66,-46.50,47.45,0.00,0.00
1160.91,83.80,59.67,83.45,59.70,2343.46,388.85,5.19,6.06,2.67,3.10,-50.86,44.91,-48.19,48.01,0.00,0.00
1163.67,84.16,59.29,83.82,59.31,2343.09,401.20,5.14,5.91,2.48,2.68,-52.69,45.21,-50.21,47.89,0.00,0.00
1166.24,84.48,58.90,84.13,58.93,2341.97,412.45,5.21,6.17,2.73,3.58,-54.42,45.50,-51.69,49.08,0.00,0.00
1168.38,84.73,58.57,84.39,58.59,2340.54,422.29,5.27,5.91,2.80,2.35,-55.87,45.73,-53.06,48.08,0.00,0.00
1170.80,85.00,58.17,84.65,58.19,2338.34,433.10,5.39,6.07,2.92,3.35,-57.52,45.99,-54.60,49.34,0.00,0.00
1173.74,85.31,57.66,84.96,57.68,2335.11,446.64,5.28,5.99,2.46,2.87,-59.55,46.29,-57.09,49.17,0.00,0.00
1175.99,85.53,57.25,85.18,57.27,2332.01,456.92,5.24,6.04,2.54,3.12,-61.12,46.53,-58.58,49.64,0.00,0.00
1178.30,85.74,56.81,85.40,56.83,2328.34,467.67,5.14,5.98,2.34,2.88,-62.74,46.76,-60.39,49.64,0.00,0.00
1180.46,85.92,56.37,85.58,56.40,2324.12,477.69,5.31,6.05,3.05,3.17,-64.27,46.98,-61.23,50.15,0.00,0.00
1183.24,86.14,55.80,85.79,55.82,2318.17,490.61,5.34,6.13,2.73,3.22,-66.26,47.25,-63.53,50.47,0.00,0.00
1185.81,86.32,55.24,85.97,55.28,2312.30,502.25,4.99,6.59,1.80,4.19,-68.11,47.50,-66.31,51.69,0.00,0.00
1187.94,86.45,54.75,86.11,54.81,2306.81,512.31,4.76,6.63,1.85,3.42,-69.66,47.70,-67.81,51.12,0.00,0.00
1190.36,86.59,54.18,86.24,54.23,2299.45,523.94,5.01,6.55,3.01,3.11,-71.44,47.93,-68.43,51.04,0.00,0.00
1193.31,86.73,53.46,86.38,53.51,2290.00,538.07,4.91,6.53,2.29,3.23,-73.62,48.20,-71.33,51.43,0.00,0.00
1195.55,86.82,52.89,86.45,52.95,2282.07,548.42,4.90,7.00,2.42,4.53,-75.29,48.40,-72.88,52.92,0.00,0.00
1197.86,86.89,52.28,86.53,52.35,2273.43,559.47,4.75,7.11,2.05,3.79,-77.03,48.60,-74.98,52.39,0.00,0.00
1200.03,86.94,51.69,86.59,51.77,2265.00,569.90,4.37,7.18,1.32,3.77,-78.67,48.79,-77.35,52.55,0.00,0.00
1202.79,86.98,50.91,86.63,50.99,2252.98,583.46,4.35,7.08,2.13,3.35,-80.78,49.02,-78.65,52.37,0.00,0.00
1205.36,87.00,50.15,86.67,50.24,2241.31,596.27,3.93,6.89,1.16,3.08,-82.77,49.24,-81.61,52.31,0.00,0.00
1207.50,87.00,50.00,86.67,49.61,2230.92,606.64,11.80,-0.94,24.35,-18.83,10.75,-44.34,35.10,-63.17,0.00,0.00
1210.05,86.99,49.25,86.65,48.83,2217.80,619.12,12.40,-1.28,7.38,-1.31,10.69,-44.82,18.06,-46.13,0.00,0.00
1212.87,86.95,48.45,86.62,48.06,2204.88,631.23,11.56,-0.91,4.29,0.21,10.63,-45.33,14.91,-45.12,0.00,0.00
1214.99,86.90,47.86,86.62,47.59,2197.14,638.90,9.01,0.16,-1.52,2.61,10.58,-45.70,9.06,-43.09,0.00,0.00
1217.75,86.82,47.13,86.56,46.83,2183.67,650.39,9.09,-0.70,4.68,-1.90,10.53,-46.17,15.21,-48.07,0.00,0.00
1220.53,86.71,46.42,86.48,46.00,2168.71,662.63,10.68,-3.17,8.20,-6.03,10.49,-46.62,18.69,-52.65,0.00,0.00
1222.72,86.60,45.89,86.40,45.38,2157.33,671.46,11.60,-4.95,7.92,-6.55,10.45,-46.96,18.37,-53.50,0.00,0.00
1225.19,86.47,45.31,86.30,44.77,2145.64,679.99,11.51,-6.14,5.58,-5.48,10.42,-47.32,16.00,-52.81,0.00,0.00
1228.24,86.27,44.62,86.16,44.13,2132.87,688.14,9.82,-6.18,2.14,-3.15,10.39,-47.75,12.52,-50.90,0.00,0.00
1230.37,86.12,44.15,86.07,43.66,2123.71,694.40,8.92,-7.37,2.36,-6.48,10.37,-48.04,12.73,-54.52,0.00,0.00
1232.82,85.93,43.65,85.95,43.06,2111.98,702.03,9.21,-9.80,5.19,-9.87,10.35,-48.36,15.54,-58.23,0.00,0.00
1235.89,85.67,43.04,85.77,42.39,2097.94,710.13,8.98,-12.29,4.11,-10.20,10.33,-48.73,14.43,-58.93,0.00,0.00
1238.09,85.46,42.62,85.63,41.98,2088.97,714.53,7.77,-13.26,1.14,-8.83,10.32,-48.98,11.45,-57.81,0.00,0.00
1240.55,85.21,42.18,85.47,41.55,2079.35,718.99,6.09,-14.49,-0.36,-9.73,10.31,-49.25,9.95,-58.98,0.00,0.00
1243.56,84.89,41.67,85.26,41.05,2067.70,723.71,4.06,-16.10,-1.36,-10.73,10.30,-49.55,8.95,-60.28,0.00,0.00
1245.74,84.64,41.31,85.08,40.67,2058.52,726.97,3.37,-17.65,0.12,-12.39,10.30,-49.75,10.42,-62.14,0.00,0.00
1248.51,84.31,40.89,84.85,40.22,2047.47,730.66,1.99,-19.86,-1.51,-13.92,10.31,-50.00,8.80,-63.91,0.00,0.00
1251.31,83.95,40.48,84.60,39.81,2036.66,733.12,0.35,-21.58,-2.75,-13.86,10.32,-50.22,7.57,-64.08,0.00,0.00
1253.46,83.66,40.19,84.39,39.53,2028.59,734.24,-1.05,-22.64,-3.78,-13.77,10.33,-50.38,6.55,-64.15,0.00,0.00
1256.23,83.28,39.84,84.08,39.20,2018.13,734.63,-2.69,-23.58,-4.31,-13.49,10.35,-50.57,6.05,-64.06,0.00,0.00
1258.83,82.90,39.53,83.77,38.91,2008.33,734.37,-4.13,-24.47,-4.84,-13.94,10.38,-50.72,5.53,-64.66,0.00,0.00
1261.68,82.47,39.22,83.41,38.63,1997.76,733.16,-5.76,-25.21,-5.73,-13.92,10.41,-50.87,4.68,-64.79,0.00,0.00
1264.09,82.08,38.97,83.08,38.40,1988.69,731.40,-6.93,-25.67,-5.90,-13.79,10.44,-50.99,4.54,-64.78,0.00,0.00
1266.43,81.71,38.75,82.73,38.21,1979.86,728.85,-7.90,-25.74,-6.03,-13.03,10.47,-51.08,4.44,-64.10,0.00,0.00
1269.27,81.23,38.51,82.27,38.01,1969.11,724.57,-8.95,-25.27,-6.33,-11.79,10.52,-51.17,4.19,-62.97,0.00,0.00
1271.50,80.84,38.34,81.91,37.88,1960.92,720.75,-9.93,-24.91,-7.15,-11.65,10.55,-51.23,3.40,-62.88,0.00,0.00
1274.27,80.35,38.14,81.42,37.71,1950.26,715.52,-10.53,-24.54,-6.35,-11.60,10.61,-51.29,4.25,-62.89,0.00,0.00
1277.12,79.83,37.96,80.91,37.58,1939.71,709.37,-11.39,-24.00,-7.20,-11.07,10.67,-51.32,3.47,-62.39,0.00,0.00
1280.14,79.26,37.80,80.32,37.48,1928.53,701.30,-12.15,-22.60,-7.33,-8.97,10.74,-51.33,3.41,-60.31,0.00,0.00
1282.58,78.79,37.69,79.83,37.43,1919.52,694.18,-12.66,-21.36,-7.37,-8.15,10.80,-51.33,3.42,-59.48,0.00,0.00
1285.04,78.31,37.60,79.32,37.38,1910.42,686.58,-13.02,-20.12,-7.24,-7.54,10.86,-51.31,3.63,-58.85,0.00,0.00
1287.83,77.75,37.51,78.72,37.34,1899.96,677.35,-13.15,-18.66,-6.82,-6.71,10.94,-51.26,4.12,-57.97,0.00,0.00
1290.13,77.28,37.46,78.23,37.33,1891.68,669.46,-13.47,-17.57,-7.41,-6.42,11.01,-51.21,3.60,-57.63,0.00,0.00
1292.90,76.70,37.41,77.60,37.35,1881.75,658.98,-13.75,-15.77,-7.38,-4.64,11.10,-51.13,3.72,-55.77,0.00,0.00
1295.72,76.10,37.38,76.96,37.40,1872.10,647.51,-14.31,-13.65,-8.15,-3.07,11.19,-51.03,3.04,-54.09,0.00,0.00
1297.88,75.64,37.38,76.45,37.45,1864.50,638.50,-14.40,-12.16,-7.42,-2.61,11.27,-50.93,3.85,-53.54,0.00,0.00
1300.74,75.01,37.39,75.77,37.52,1854.61,626.22,-14.57,-10.31,-7.59,-1.94,11.37,-50.79,3.78,-52.73,0.00,0.00
1303.42,74.42,37.42,75.12,37.59,1845.16,614.40,-14.35,-8.69,-6.75,-1.33,11.48,-50.64,4.73,-51.96,0.00,0.00
1306.42,73.74,37.47,74.38,37.72,1835.12,600.18,-14.45,-6.44,-7.40,0.52,11.60,-50.44,4.20,-49.92,0.00,0.00
1308.81,73.20,37.54,73.79,37.84,1827.39,588.41,-14.64,-4.58,-7.72,1.62,11.70,-50.27,3.98,-48.65,0.00,0.00
1311.30,72.63,37.61,73.16,37.97,1819.24,575.97,-14.57,-2.77,-7.14,2.25,11.81,-50.08,4.67,-47.83,0.00,0.00
1314.11,71.98,37.72,72.45,38.13,1810.32,561.86,-14.58,-1.07,-7.32,2.49,11.93,-49.84,4.61,-47.35,0.00,0.00
1316.51,71.41,37.83,71.85,38.28,1802.78,549.47,-14.56,0.33,-7.23,3.08,12.05,-49.62,4.82,-46.53,0.00,0.00
1318.95,70.83,37.95,71.22,38.45,1795.31,536.53,-14.53,1.86,-7.20,4.07,12.17,-49.38,4.96,-45.31,0.00,0.00
1321.78,70.16,38.10,70.51,38.67,1787.20,521.21,-14.86,3.56,-8.02,4.78,12.31,-49.08,4.29,-44.30,0.00,0.00
1324.18,69.59,38.25,69.90,38.86,1780.45,508.05,-15.11,4.86,-8.08,5.13,12.44,-48.81,4.36,-43.68,0.00,0.00
1326.67,68.98,38.42,69.27,39.06,1773.47,494.47,-15.22,5.84,-7.83,4.88,12.57,-48.51,4.74,-43.63,0.00,0.00
1328.83,68.46,38.58,68.73,39.24,1767.56,482.70,-15.32,6.47,-7.89,4.71,12.69,-48.24,4.80,-43.54,0.00,0.00
1331.59,67.79,38.79,68.03,39.50,1760.24,467.05,-15.49,7.59,-8.05,5.82,12.85,-47.88,4.79,-42.06,0.00,0.00
1334.16,67.16,39.01,67.38,39.74,1753.67,452.42,-15.68,8.44,-8.21,5.89,13.00,-47.53,4.79,-41.64,0.00,0.00
1336.28,66.64,39.20,66.84,39.96,1748.46,440.05,-15.93,9.20,-8.55,6.37,13.13,-47.22,4.58,-40.85,0.00,0.00
1339.06,65.96,39.46,66.15,40.26,1741.83,423.81,-16.23,9.99,-8.65,6.43,13.30,-46.80,4.66,-40.37,0.00,0.00
1341.70,65.30,39.72,65.48,40.54,1735.56,408.36,-16.34,10.51,-8.37,6.24,13.47,-46.39,5.10,-40.15,0.00,0.00
1343.85,64.77,39.94,64.95,40.78,1730.73,395.62,-16.54,10.91,-8.74,6.37,13.61,-46.03,4.87,-39.66,0.00,0.00
1346.61,64.09,40.24,64.26,41.10,1724.69,379.12,-16.75,11.34,-8.75,6.46,13.80,-45.56,5.04,-39.10,0.00,0.00
1349.25,63.44,40.54,63.61,41.42,1719.37,363.16,-17.21,11.65,-9.47,6.41,13.98,-45.09,4.51,-38.68,0.00,0.00
1351.41,62.91,40.80,63.08,41.69,1715.06,350.09,-17.44,11.84,-9.25,6.36,14.13,-44.69,4.88,-38.34,0.00,0.00
1354.19,62.22,41.14,62.40,42.04,1709.75,333.28,-17.75,11.83,-9.44,5.90,14.33,-44.16,4.89,-38.26,0.00,0.00
1356.82,61.57,41.47,61.76,42.37,1704.65,317.40,-17.76,11.59,-8.90,5.34,14.53,-43.64,5.63,-38.30,0.00,0.00
1358.98,61.04,41.76,61.25,42.66,1700.96,304.26,-18.07,11.43,-9.75,5.35,14.69,-43.20,4.94,-37.85,0.00,0.00
1361.76,60.36,42.14,60.58,43.05,1696.39,287.07,-18.44,11.27,-9.89,5.34,14.90,-42.62,5.02,-37.28,0.00,0.00
1364.34,59.73,42.50,59.98,43.41,1692.41,271.25,-18.82,10.84,-10.14,4.59,15.11,-42.05,4.97,-37.46,0.00,0.00
1367.28,59.02,42.93,59.28,43.82,1687.77,253.17,-18.86,10.24,-9.51,4.09,15.35,-41.39,5.84,-37.30,0.00,0.00
1369.69,58.44,43.29,58.72,44.16,1684.21,238.43,-18.92,9.56,-9.56,3.39,15.55,-40.83,5.98,-37.45,0.00,0.00
1372.20,57.84,43.67,58.15,44.53,1680.81,222.93,-19.04,8.96,-9.76,3.28,15.76,-40.24,5.99,-36.96,0.00,0.00
1374.36,57.32,44.01,57.65,44.86,1678.06,209.31,-19.16,8.60,-9.87,3.47,15.94,-39.71,6.07,-36.24,0.00,0.00
1377.12,56.67,44.46,57.02,45.29,1674.92,192.02,-19.44,7.97,-10.22,2.84,16.18,-39.01,5.97,-36.18,0.00,0.00
1379.72,56.06,44.88,56.44,45.69,1671.84,175.89,-19.33,7.11,-9.46,1.91,16.42,-38.34,6.96,-36.43,0.00,0.00
1381.86,55.56,45.24,55.96,46.02,1669.36,162.73,-19.11,6.22,-9.03,1.03,16.61,-37.78,7.58,-36.75,0.00,0.00
1384.63,54.93,45.72,55.35,46.46,1666.66,145.57,-19.06,5.21,-9.45,0.78,16.87,-37.03,7.41,-36.24,0.00,0.00
1387.24,54.34,46.17,54.78,46.88,1664.29,129.29,-18.93,4.31,-9.22,0.43,17.11,-36.30,7.89,-35.87,0.00,0.00
1389.38,53.85,46.56,54.32,47.24,1662.55,115.77,-18.85,3.69,-9.22,0.38,17.32,-35.69,8.10,-35.31,0.00,0.00
1392.15,53.24,47.06,53.72,47.71,1660.46,98.31,-18.63,2.85,-8.92,-0.08,17.59,-34.89,8.67,-34.97,0.00,0.00
1394.82,52.65,47.55,53.14,48.17,1658.48,81.47,-18.17,2.04,-8.22,-0.49,17.85,-34.09,9.63,-34.58,0.00,0.00
1396.96,52.19,47.95,52.69,48.53,1657.03,68.16,-17.73,1.23,-7.84,-1.29,18.07,-33.44,10.23,-34.73,0.00,0.00
1399.71,51.60,48.47,52.12,49.02,1655.72,50.84,-17.44,0.37,-8.20,-1.38,18.35,-32.59,10.15,-33.97,0.00,0.00
1402.40,51.04,48.99,51.57,49.51,1654.77,33.82,-17.21,-0.32,-8.17,-1.45,18.63,-31.73,10.45,-33.18,0.00,0.00
1404.55,50.60,49.42,51.14,49.90,1654.05,20.21,-16.84,-0.89,-7.57,-1.75,18.86,-31.03,11.29,-32.78,0.00,0.00
1407.30,50.04,49.96,50.59,50.41,1653.36,2.94,-16.34,-1.67,-7.26,-2.25,19.15,-30.12,11.89,-32.37,0.00,0.00
1409.90,50.00,50.00,50.10,50.89,1653.12,-12.99,-16.10,12.99,-7.59,34.67,-19.96,-22.31,-27.55,12.36,0.00,0.00
1412.76,49.42,50.57,49.55,51.43,1653.10,-30.81,-16.26,12.06,-8.40,4.41,-20.57,-21.55,-28.98,-17.15,0.00,0.00
1415.19,48.92,51.04,49.10,51.87,1652.84,-45.33,-16.43,10.53,-8.57,2.13,-21.09,-20.89,-29.66,-18.76,0.00,0.00
1417.54,48.43,51.50,48.62,52.22,1650.82,-59.04,-15.07,8.76,-4.63,0.60,-21.59,-20.24,-26.21,-19.64,0.00,0.00
1420.41,47.81,52.04,48.04,52.70,1649.06,-76.33,-14.44,7.01,-6.13,0.46,-22.19,-19.42,-28.31,-18.96,0.00,0.00
1422.67,47.32,52.47,47.60,53.11,1648.62,-90.13,-15.13,5.84,-9.10,0.31,-22.66,-18.76,-31.75,-18.45,0.00,0.00
1425.43,46.70,52.98,47.06,53.60,1647.89,-107.14,-16.08,4.47,-9.76,-0.24,-23.22,-17.93,-32.98,-18.17,0.00,0.00
1428.29,46.06,53.49,46.50,54.09,1646.66,-124.26,-16.91,2.64,-9.90,-1.89,-23.80,-17.06,-33.71,-18.95,0.00,0.00
1431.30,45.37,54.03,45.88,54.57,1644.40,-142.12,-17.18,0.47,-9.04,-3.36,-24.41,-16.10,-33.45,-19.46,0.00,0.00
1433.71,44.82,54.45,45.37,54.94,1642.01,-156.62,-17.07,-1.01,-8.31,-3.58,-24.89,-15.33,-33.20,-18.90,0.00,0.00
1436.54,44.15,54.93,44.77,55.39,1639.59,-173.85,-17.63,-2.47,-9.80,-3.83,-25.44,-14.40,-35.24,-18.22,0.00,0.00
1439.38,43.48,55.40,44.14,55.82,1636.42,-191.25,-17.77,-3.84,-9.14,-4.33,-26.00,-13.44,-35.14,-17.77,0.00,0.00
1442.49,42.74,55.90,43.45,56.26,1632.29,-209.84,-17.61,-5.66,-8.54,-5.76,-26.60,-12.36,-35.13,-18.12,0.00,0.00
1444.92,42.15,56.28,42.89,56.60,1628.65,-224.34,-17.32,-7.08,-8.08,-6.46,-27.06,-11.50,-35.14,-17.97,0.00,0.00
1447.75,41.46,56.72,42.24,56.98,1624.21,-241.37,-17.06,-8.44,-8.07,-6.61,-27.59,-10.49,-35.66,-17.10,0.00,0.00
1450.59,40.76,57.14,41.56,57.37,1619.48,-258.82,-16.84,-9.39,-8.04,-6.36,-28.12,-9.44,-36.16,-15.80,0.00,0.00
1453.79,39.96,57.60,40.78,57.79,1613.70,-278.42,-16.49,-10.35,-7.69,-6.68,-28.71,-8.24,-36.41,-14.91,0.00,0.00
1456.24,39.35,57.95,40.18,58.08,1608.61,-293.01,-15.78,-11.33,-6.44,-7.67,-29.16,-7.30,-35.60,-14.96,0.00,0.00
1459.03,38.66,58.32,39.48,58.39,1602.30,-309.55,-14.73,-12.37,-5.48,-8.06,-29.66,-6.21,-35.14,-14.27,0.00,0.00
1461.86,37.94,58.69,38.76,58.72,1595.84,-326.82,-13.89,-12.81,-5.46,-7.18,-30.16,-5.08,-35.62,-12.26,0.00,0.00
1465.02,37.15,59.09,37.94,59.09,1588.26,-346.22,-12.90,-12.93,-4.88,-6.65,-30.71,-3.79,-35.60,-10.44,0.00,0.00
1467.46,36.53,59.38,37.30,59.35,1582.15,-361.01,-12.11,-13.03,-4.43,-6.73,-31.14,-2.78,-35.57,-9.50,0.00,0.00
1470.25,35.82,59.70,36.57,59.62,1574.57,-377.34,-10.84,-13.51,-3.14,-7.61,-31.62,-1.60,-34.76,-9.21,0.00,0.00
1473.07,35.11,60.01,35.82,59.87,1566.59,-393.68,-9.51,-13.93,-2.39,-7.71,-32.09,-0.39,-34.48,-8.10,0.00,0.00
1475.24,34.56,60.24,35.25,60.07,1560.40,-406.38,-8.60,-13.97,-2.21,-7.07,-32.46,0.56,-34.66,-6.52,0.00,0.00
1478.04,33.85,60.52,34.49,60.33,1552.27,-423.02,-7.50,-13.53,-1.80,-5.98,-32.92,1.80,-34.72,-4.18,0.00,0.00
1480.67,33.18,60.76,33.79,60.55,1544.42,-438.13,-6.49,-13.36,-1.31,-6.37,-33.35,2.98,-34.66,-3.39,0.00,0.00
1483.49,32.47,61.01,33.03,60.76,1535.35,-453.89,-4.96,-13.35,0.23,-6.64,-33.80,4.27,-33.57,-2.37,0.00,0.00
1485.87,31.87,61.21,32.40,60.92,1527.62,-466.98,-3.78,-13.29,0.59,-6.52,-34.18,5.38,-33.59,-1.14,0.00,0.00
1488.23,31.28,61.40,31.77,61.08,1520.03,-479.90,-2.88,-13.09,0.48,-6.14,-34.55,6.49,-34.08,0.35,0.00,0.00
1491.27,30.52,61.62,30.96,61.29,1510.13,-496.38,-1.78,-12.61,0.92,-5.51,-35.03,7.94,-34.10,2.43,0.00,0.00
1493.55,29.96,61.77,30.37,61.43,1502.79,-508.54,-1.23,-12.22,0.58,-5.24,-35.38,9.05,-34.80,3.81,0.00,0.00
1495.89,29.38,61.91,29.75,61.55,1494.68,-520.58,-0.26,-12.01,1.94,-5.58,-35.73,10.21,-33.79,4.63,0.00,0.00
1499.01,28.61,62.08,28.94,61.68,1483.56,-535.98,1.14,-11.93,2.82,-5.84,-36.20,11.77,-33.38,5.93,0.00,0.00
1501.25,28.07,62.19,28.37,61.78,1475.78,-546.90,1.80,-11.70,2.36,-5.34,-36.53,12.90,-34.17,7.56,0.00,0.00
1503.67,27.48,62.30,27.75,61.86,1466.97,-558.44,2.74,-11.46,3.32,-5.22,-36.88,14.14,-33.56,8.92,0.00,0.00
1506.63,26.77,62.40,27.02,61.97,1456.84,-572.21,3.04,-11.07,2.02,-4.88,-37.31,15.69,-35.28,10.80,0.00,0.00
1508.86,26.25,62.47,26.48,62.03,1448.93,-582.08,3.41,-10.96,2.53,-5.24,-37.62,16.86,-35.10,11.62,0.00,0.00
1511.30,25.67,62.53,25.89,62.07,1439.86,-592.32,4.07,-11.10,3.40,-5.82,-37.97,18.17,-34.57,12.35,0.00,0.00
1514.23,24.99,62.58,25.20,62.11,1429.33,-604.27,4.34,-11.10,2.63,-5.56,-38.37,19.75,-35.74,14.19,0.00,0.00
1516.37,24.50,62.61,24.69,62.13,1421.38,-612.88,4.63,-10.95,2.97,-5.13,-38.66,20.93,-35.69,15.80,0.00,0.00
1519.20,23.86,62.62,24.05,62.16,1411.23,-623.80,4.52,-10.73,2.08,-4.98,-39.04,22.50,-36.97,17.52,0.00,0.00
1521.96,23.25,62.62,23.43,62.15,1401.05,-633.82,4.52,-10.66,2.25,-5.20,-39.41,24.06,-37.16,18.86,0.00,0.00
1524.05,22.79,62.60,22.98,62.12,1393.12,-640.85,4.63,-10.82,2.60,-5.80,-39.68,25.25,-37.08,19.44,0.00,0.00
1526.92,22.17,62.55,22.37,62.07,1382.35,-649.89,4.50,-11.21,2.01,-6.28,-40.05,26.90,-38.04,20.62,0.00,0.00
1529.51,21.62,62.49,21.82,62.01,1372.44,-657.91,4.44,-11.19,2.10,-5.55,-40.37,28.41,-38.28,22.86,0.00,0.00
1532.39,21.02,62.40,21.24,61.94,1361.77,-666.30,3.83,-11.15,0.88,-5.51,-40.73,30.12,-39.86,24.61,0.00,0.00
1534.81,20.53,62.31,20.76,61.86,1352.52,-672.78,3.52,-11.20,1.12,-5.69,-41.03,31.56,-39.91,25.87,0.00,0.00
1537.23,20.04,62.20,20.30,61.76,1343.24,-678.76,3.06,-11.35,0.57,-5.99,-41.32,33.03,-40.75,27.04,0.00,0.00
1540.00,19.50,62.05,19.78,61.62,1332.61,-684.89,2.45,-11.66,0.13,-6.39,-41.65,34.72,-41.51,28.34,0.00,0.00
1542.34,19.06,61.91,19.36,61.49,1323.49,-689.63,1.97,-11.88,-0.05,-6.43,-41.92,36.17,-41.97,29.74,0.00,0.00
1544.68,18.62,61.75,18.95,61.35,1314.44,-694.12,1.30,-11.95,-0.77,-6.11,-42.19,37.64,-42.96,31.52,0.00,0.00
1547.58,18.10,61.53,18.45,61.15,1303.08,-699.13,0.49,-11.95,-1.15,-5.98,-42.51,39.47,-43.67,33.49,0.00,0.00
1549.79,17.71,61.35,18.08,60.99,1294.31,-702.42,-0.12,-12.01,-1.44,-6.13,-42.76,40.88,-44.19,34.75,0.00,0.00
1552.56,17.23,61.10,17.62,60.74,1282.82,-705.85,-0.51,-12.20,-0.95,-6.45,-43.06,42.68,-44.01,36.23,0.00,0.00
1555.32,16.78,60.82,17.21,60.48,1271.66,-708.35,-1.29,-12.64,-2.08,-7.11,-43.36,44.48,-45.43,37.37,0.00,0.00
1558.25,16.31,60.50,16.78,60.18,1259.79,-710.46,-2.25,-12.92,-2.76,-6.93,-43.66,46.42,-46.42,39.49,0.00,0.00
1560.67,15.95,60.22,16.45,59.92,1250.19,-711.76,-3.30,-13.00,-3.83,-6.68,-43.91,48.04,-47.74,41.36,0.00,0.00
1563.01,15.60,59.93,16.13,59.65,1240.56,-712.33,-4.11,-13.26,-3.79,-7.18,-44.15,49.62,-47.93,42.45,0.00,0.00
1565.95,15.19,59.53,15.76,59.27,1228.24,-712.31,-4.94,-13.59,-3.88,-7.36,-44.44,51.63,-48.31,44.27,0.00,0.00
1568.15,14.90,59.22,15.49,58.97,1218.92,-711.76,-5.60,-13.83,-4.31,-7.45,-44.65,53.15,-48.96,45.70,0.00,0.00
1570.96,14.54,58.80,15.17,58.56,1206.95,-710.33,-6.39,-14.17,-4.61,-7.71,-44.92,55.10,-49.52,47.40,0.00,0.00
1573.61,14.22,58.37,14.88,58.16,1195.63,-708.46,-7.27,-14.30,-5.28,-7.38,-45.16,56.97,-50.44,49.59,0.00,0.00
1576.61,13.88,57.86,14.57,57.67,1182.69,-705.50,-8.17,-14.44,-5.60,-7.46,-45.44,59.11,-51.04,51.65,0.00,0.00
1578.99,13.63,57.44,14.34,57.26,1172.12,-702.60,-8.70,-14.43,-5.44,-7.20,-45.65,60.82,-51.09,53.62,0.00,0.00
1581.79,13.36,56.91,14.08,56.76,1159.77,-698.66,-9.44,-14.20,-6.06,-6.67,-45.89,62.86,-51.95,56.19,0.00,0.00
1584.59,13.11,56.35,13.84,56.23,1147.03,-693.81,-9.90,-14.04,-5.76,-6.73,-46.13,64.91,-51.88,58.18,0.00,0.00
1586.76,12.94,55.90,13.67,55.79,1137.12,-689.59,-10.22,-13.80,-5.85,-6.37,-46.31,66.51,-52.16,60.15,0.00,0.00
1589.63,12.72,55.28,13.46,55.20,1123.98,-683.15,-10.76,-13.52,-6.32,-6.27,-46.54,68.66,-52.86,62.39,0.00,0.00
1592.21,12.55,54.69,13.29,54.64,1111.96,-676.96,-11.08,-12.90,-6.17,-5.24,-46.74,70.61,-52.91,65.37,0.00,0.00
1595.06,12.39,54.02,13.11,53.99,1098.49,-669.18,-11.28,-12.28,-6.00,-5.05,-46.96,72.78,-52.96,67.73,0.00,0.00
1597.34,12.28,53.46,13.00,53.45,1087.79,-662.06,-11.59,-11.99,-6.46,-5.36,-47.13,74.54,-53.60,69.18,0.00,0.00
1600.13,12.17,52.74,12.87,52.76,1074.39,-652.94,-11.72,-11.19,-6.10,-4.18,-47.33,76.71,-53.44,72.53,0.00,0.00
1602.86,12.09,52.01,12.78,52.05,1061.36,-642.90,-11.98,-10.65,-6.45,-4.33,-47.53,78.85,-53.97,74.52,0.00,0.00
1605.70,12.03,51.23,12.71,51.31,1047.93,-631.82,-12.39,-9.77,-6.93,-3.34,-47.72,81.09,-54.65,77.75,0.00,0.00
1608.06,12.01,50.54,12.65,50.66,1036.39,-622.11,-12.42,-8.78,-6.27,-2.28,-47.88,82.98,-54.15,80.70,0.00,0.00
1610.85,12.00,50.00,12.62,49.84,1022.55,-609.28,-7.60,-12.79,4.85,-13.59,45.60,-9.48,50.45,-23.07,0.00,0.00
1613.63,12.01,49.18,12.61,49.01,1008.82,-595.83,-7.03,-12.60,-2.50,-5.97,46.09,-9.41,43.59,-15.37,0.00,0.00
1615.79,12.04,48.57,12.64,48.41,999.41,-585.68,-7.18,-12.21,-3.93,-5.19,46.46,-9.36,42.53,-14.55,0.00,0.00
1618.59,12.11,47.80,12.74,47.79,990.93,-573.88,-10.26,-10.34,-10.63,-1.84,46.92,-9.30,36.28,-11.14,0.00,0.00
1621.31,12.20,47.08,12.81,47.07,980.28,-560.96,-9.92,-10.05,-4.34,-4.48,47.34,-9.25,43.01,-13.73,0.00,0.00
1624.22,12.32,46.34,12.85,46.23,967.27,-546.46,-7.00,-10.44,1.51,-5.89,47.78,-9.20,49.29,-15.09,0.00,0.00
1626.66,12.44,45.75,12.92,45.55,957.16,-534.18,-4.54,-11.00,2.78,-6.66,48.12,-9.16,50.90,-15.82,0.00,0.00
1629.06,12.59,45.18,13.01,44.97,949.01,-523.21,-3.29,-10.41,0.95,-3.98,48.45,-9.13,49.39,-13.11,0.00,0.00
1631.92,12.78,44.54,13.14,44.37,941.49,-511.22,-3.12,-8.76,-1.25,-1.48,48.81,-9.10,47.56,-10.59,0.00,0.00
1634.31,12.96,44.03,13.24,43.86,934.73,-501.13,-1.78,-7.49,1.90,-1.10,49.10,-9.08,51.01,-10.18,0.00,0.00
1636.70,13.16,43.54,13.36,43.30,927.41,-490.10,0.73,-7.23,5.63,-3.07,49.38,-9.07,55.01,-12.14,0.00,0.00
1639.52,13.41,42.98,13.51,42.68,919.81,-477.42,3.44,-6.62,6.52,-2.22,49.68,-9.05,56.20,-11.27,0.00,0.00
1641.95,13.65,42.53,13.66,42.22,914.80,-467.47,4.93,-5.21,5.52,0.30,49.93,-9.05,55.45,-8.75,0.00,0.00
1644.47,13.92,42.08,13.84,41.81,910.95,-457.82,5.78,-3.16,4.57,2.49,50.17,-9.05,54.74,-6.56,0.00,0.00
1646.58,14.16,41.72,14.00,41.46,907.81,-449.45,6.90,-1.77,6.12,2.41,50.35,-9.05,56.47,-6.64,0.00,0.00
1649.00,14.44,41.33,14.19,41.04,904.19,-439.54,8.78,-0.56,8.26,2.21,50.55,-9.06,58.81,-6.84,0.00,0.00
1651.77,14.79,40.90,14.44,40.57,900.56,-427.76,11.11,0.30,9.78,1.71,50.76,-9.07,60.54,-7.36,0.00,0.00
1654.07,15.09,40.57,14.66,40.22,898.41,-418.43,12.77,1.40,9.98,3.08,50.92,-9.09,60.89,-6.01,0.00,0.00
1656.49,15.43,40.24,14.91,39.91,897.46,-409.24,13.74,3.11,8.88,5.09,51.07,-9.11,59.94,-4.02,0.00,0.00
1658.58,15.73,39.97,15.13,39.67,897.09,-401.64,14.58,4.82,9.31,6.52,51.19,-9.13,60.50,-2.61,0.00,0.00
1660.97,16.08,39.67,15.40,39.38,896.76,-392.70,15.95,6.51,10.83,6.77,51.31,-9.16,62.14,-2.39,0.00,0.00
1663.75,16.51,39.36,15.73,39.06,896.96,-381.95,17.61,7.98,11.80,6.64,51.43,-9.20,63.23,-2.56,0.00,0.00
1665.98,16.87,39.12,16.02,38.82,897.68,-373.32,18.88,9.04,12.28,6.91,51.51,-9.23,63.79,-2.32,0.00,0.00
1668.32,17.26,38.89,16.34,38.59,899.29,-364.33,19.84,10.17,11.97,7.50,51.58,-9.28,63.55,-1.78,0.00,0.00
1671.06,17.73,38.64,16.75,38.37,902.30,-354.02,20.44,11.63,11.32,8.47,51.65,-9.33,62.97,-0.87,0.00,0.00
1673.44,18.14,38.44,17.10,38.21,905.42,-345.48,20.97,13.16,11.59,9.81,51.69,-9.38,63.28,0.43,0.00,0.00
1675.93,18.60,38.26,17.51,38.04,909.33,-336.09,21.37,14.23,11.50,9.25,51.72,-9.44,63.22,-0.19,0.00,0.00
1678.06,18.99,38.11,17.87,37.90,912.97,-327.79,21.82,14.78,11.96,8.67,51.73,-9.50,63.69,-0.82,0.00,0.00
1680.83,19.52,37.94,18.36,37.73,918.27,-317.07,22.38,15.43,12.21,8.89,51.73,-9.57,63.93,-0.68,0.00,0.00
1683.51,20.04,37.80,18.87,37.61,924.71,-306.80,22.19,16.05,10.74,9.20,51.70,-9.65,62.44,-0.46,0.00,0.00
1685.63,20.46,37.70,19.29,37.56,930.66,-299.16,21.56,16.92,9.30,10.49,51.67,-9.72,60.97,0.77,0.00,0.00
1688.42,21.03,37.60,19.86,37.51,939.08,-288.92,20.67,17.75,8.75,10.37,51.61,-9.82,60.35,0.56,0.00,0.00
1691.17,21.60,37.51,20.43,37.44,947.38,-278.57,20.34,18.16,9.55,9.82,51.53,-9.91,61.08,-0.09,0.00,0.00
1693.43,22.08,37.46,20.92,37.39,954.68,-269.65,19.99,17.95,9.21,8.52,51.45,-10.00,60.66,-1.48,0.00,0.00
1695.73,22.58,37.42,21.44,37.38,962.92,-260.88,19.19,17.97,7.88,9.01,51.35,-10.09,59.23,-1.08,0.00,0.00
1698.72,23.23,37.39,22.13,37.41,974.54,-250.14,17.78,18.45,6.52,10.03,51.20,-10.21,57.72,-0.18,0.00,0.00
1701.11,23.76,37.38,22.69,37.46,984.65,-241.81,16.23,18.94,4.89,10.50,51.07,-10.32,55.96,0.18,0.00,0.00
1703.58,24.32,37.39,23.27,37.50,994.80,-232.91,15.33,19.03,5.83,9.69,50.92,-10.43,56.74,-0.74,0.00,0.00
1705.71,24.81,37.40,23.79,37.53,1003.92,-224.93,14.51,18.71,5.34,8.60,50.77,-10.53,56.11,-1.93,0.00,0.00
1708.49,25.45,37.45,24.48,37.60,1016.38,-214.78,13.25,18.35,4.36,8.53,50.56,-10.67,54.92,-2.14,0.00,0.00
1711.14,26.07,37.51,25.16,37.72,1029.28,-205.53,11.47,18.27,2.37,8.99,50.34,-10.80,52.72,-1.81,0.00,0.00
1713.28,26.57,37.57,25.72,37.82,1040.15,-198.22,9.87,18.24,1.20,9.05,50.15,-10.92,51.36,-1.86,0.00,0.00
1716.01,27.23,37.66,26.42,37.97,1053.97,-189.03,8.25,18.18,1.14,8.98,49.90,-11.07,51.04,-2.09,0.00,0.00
1718.77,27.89,37.77,27.14,38.09,1067.88,-179.32,7.06,17.49,1.38,7.49,49.61,-11.23,50.99,-3.74,0.00,0.00
1720.90,28.41,37.88,27.70,38.22,1079.04,-172.16,6.03,17.18,0.60,7.87,49.38,-11.35,49.98,-3.48,0.00,0.00
1723.41,29.02,38.01,28.38,38.39,1092.93,-163.92,4.34,16.84,-1.18,7.75,49.09,-11.51,47.91,-3.75,0.00,0.00
1726.22,29.71,38.17,29.14,38.61,1109.06,-155.02,2.22,16.58,-2.68,7.81,48.75,-11.68,46.06,-3.87,0.00,0.00
1728.45,30.27,38.31,29.75,38.79,1121.93,-148.05,0.71,16.31,-3.02,7.55,48.46,-11.83,45.45,-4.28,0.00,0.00
1730.87,30.87,38.48,30.40,38.97,1135.71,-140.34,-0.42,15.72,-2.56,6.67,48.14,-11.99,45.58,-5.32,0.00,0.00
1733.66,31.57,38.69,31.16,39.20,1151.71,-131.66,-1.55,15.05,-2.78,6.32,47.74,-12.18,44.96,-5.86,0.00,0.00
1735.92,32.13,38.87,31.77,39.41,1165.15,-125.00,-2.75,14.69,-4.03,6.55,47.40,-12.34,43.37,-5.79,0.00,0.00
1738.36,32.75,39.08,32.42,39.65,1179.79,-118.34,-3.89,14.69,-4.30,7.33,47.03,-12.52,42.73,-5.19,0.00,0.00
1741.15,33.45,39.34,33.17,39.94,1196.88,-110.81,-5.29,14.53,-5.14,6.99,46.57,-12.73,41.43,-5.73,0.00,0.00
1743.42,34.03,39.55,33.78,40.18,1210.68,-104.74,-6.11,14.30,-4.86,6.64,46.19,-12.90,41.33,-6.26,0.00,0.00
1746.19,34.73,39.83,34.52,40.46,1227.45,-97.36,-6.81,13.81,-4.66,6.02,45.71,-13.12,41.05,-7.09,0.00,0.00
1748.96,35.43,40.13,35.25,40.77,1244.45,-90.37,-7.49,13.48,-4.97,6.14,45.20,-13.34,40.23,-7.20,0.00,0.00
1751.20,36.00,40.38,35.84,41.04,1258.67,-85.10,-8.28,13.42,-5.92,6.59,44.78,-13.53,38.86,-6.94,0.00,0.00
1753.57,36.60,40.65,36.46,41.34,1273.68,-79.89,-8.97,13.54,-5.95,7.02,44.31,-13.73,38.37,-6.71,0.00,0.00
1756.64,37.38,41.03,37.26,41.73,1292.97,-73.15,-9.48,13.42,-5.57,6.52,43.69,-13.99,38.12,-7.48,0.00,0.00
1758.89,37.94,41.31,37.83,42.00,1306.94,-68.29,-9.54,13.22,-4.90,6.16,43.22,-14.19,38.32,-8.03,0.00,0.00
1761.24,38.54,41.61,38.43,42.30,1321.56,-63.44,-9.46,13.05,-4.56,6.16,42.71,-14.41,38.15,-8.24,0.00,0.00
1764.26,39.29,42.02,39.18,42.71,1340.67,-57.83,-9.58,13.17,-4.98,6.78,42.04,-14.69,37.06,-7.90,0.00,0.00
1766.55,39.86,42.34,39.75,43.04,1355.42,-53.88,-9.75,13.35,-5.25,7.08,41.52,-14.90,36.27,-7.83,0.00,0.00
1768.88,40.44,42.67,40.33,43.38,1370.29,-49.83,-9.70,13.33,-4.75,6.61,40.97,-15.13,36.22,-8.52,0.00,0.00
1771.79,41.16,43.10,41.05,43.79,1388.77,-44.91,-9.44,13.14,-4.28,6.25,40.26,-15.42,35.98,-9.16,0.00,0.00
1774.14,41.74,43.46,41.61,44.13,1403.71,-41.29,-9.12,13.12,-3.88,6.52,39.67,-15.65,35.79,-9.13,0.00,0.00
1776.55,42.32,43.83,42.19,44.50,1419.14,-37.95,-8.80,13.27,-3.73,6.95,39.05,-15.90,35.33,-8.95,0.00,0.00
1779.38,43.01,44.28,42.86,44.95,1437.40,-34.30,-8.51,13.44,-3.74,7.01,38.31,-16.20,34.57,-9.18,0.00,0.00
1781.78,43.58,44.67,43.41,45.33,1452.78,-31.44,-8.11,13.57,-3.24,7.07,37.66,-16.45,34.42,-9.38,0.00,0.00
1784.26,44.17,45.08,43.98,45.73,1468.57,-28.65,-7.56,13.64,-2.65,6.96,36.98,-16.72,34.32,-9.76,0.00,0.00
1786.42,44.67,45.45,44.47,46.08,1482.24,-26.37,-6.95,13.65,-2.06,6.85,36.37,-16.96,34.31,-10.11,0.00,0.00
1789.19,45.32,45.93,45.09,46.54,1500.11,-23.71,-6.43,13.67,-2.28,6.88,35.56,-17.27,33.29,-10.39,0.00,0.00
1791.71,45.89,46.37,45.65,46.98,1516.30,-21.69,-5.88,13.82,-1.87,7.21,34.82,-17.56,32.95,-10.35,0.00,0.00
1794.63,46.55,46.90,46.28,47.48,1534.84,-19.64,-5.06,13.97,-1.11,7.23,33.93,-17.90,32.82,-10.66,0.00,0.00
1797.05,47.09,47.34,46.79,47.90,1550.12,-18.19,-4.23,14.07,-0.42,7.25,33.18,-18.18,32.76,-10.93,0.00,0.00
1799.55,47.64,47.81,47.31,48.34,1565.89,-16.94,-3.44,14.17,-0.14,7.27,32.39,-18.48,32.25,-11.21,0.00,0.00
1802.54,48.28,48.38,47.92,48.88,1584.68,-15.78,-2.36,14.27,0.62,7.31,31.41,-18.85,32.04,-11.54,0.00,0.00
1804.95,48.79,48.84,48.41,49.33,1599.97,-15.14,-1.76,14.38,0.37,7.41,30.62,-19.15,30.99,-11.74,0.00,0.00
1807.42,49.30,49.32,48.89,49.80,1615.51,-14.83,-1.01,14.57,1.02,7.68,29.78,-19.46,30.80,-11.78,0.00,0.00
1809.57,49.74,49.75,49.30,50.20,1628.91,-14.68,-0.25,14.64,1.65,7.48,29.04,-19.74,30.69,-12.26,0.00,0.00
1812.33,50.00,50.00,49.82,50.71,1645.74,-14.63,-8.72,14.63,-19.74,7.30,38.38,-22.86,18.65,-15.55,0.00,0.00
1814.85,50.50,50.51,50.29,51.20,1661.49,-14.85,-7.95,14.72,-2.45,7.53,37.53,-22.70,35.07,-15.17,0.00,0.00
1817.76,51.07,51.11,50.82,51.76,1679.27,-15.45,-6.56,14.84,-0.89,7.61,36.52,-22.52,35.63,-14.90,0.00,0.00
1820.18,51.54,51.61,51.24,52.24,1693.99,-16.26,-5.37,14.99,-0.22,7.81,35.66,-22.36,35.44,-14.55,0.00,0.00
1822.65,52.01,52.14,51.67,52.74,1709.15,-17.47,-4.18,15.28,0.30,8.22,34.77,-22.19,35.08,-13.98,0.00,0.00
1825.50,52.54,52.76,52.16,53.31,1726.56,-18.90,-2.79,15.34,1.05,7.79,33.73,-22.00,34.78,-14.21,0.00,0.00
1827.90,52.98,53.29,52.57,53.80,1741.41,-20.10,-1.77,15.15,1.24,7.18,32.83,-21.83,34.07,-14.65,0.00,0.00
1830.40,53.44,53.84,53.00,54.31,1756.64,-21.53,-0.47,14.89,2.38,6.91,31.88,-21.65,34.26,-14.74,0.00,0.00
1832.56,53.82,54.33,53.35,54.75,1769.78,-22.92,0.62,14.62,2.82,6.68,31.05,-21.49,33.87,-14.81,0.00,0.00
1835.32,54.30,54.96,53.82,55.34,1786.85,-24.85,1.78,14.16,2.99,6.27,29.97,-21.28,32.95,-15.02,0.00,0.00
1837.91,54.75,55.55,54.25,55.88,1802.87,-26.81,2.73,13.63,3.21,5.79,28.94,-21.08,32.15,-15.30,0.00,0.00
1840.04,55.11,56.05,54.60,56.34,1816.16,-28.59,3.45,13.16,3.41,5.49,28.07,-20.91,31.49,-15.43,0.00,0.00
1842.79,55.56,56.69,55.05,56.95,1833.39,-31.11,4.16,12.55,3.37,5.17,26.94,-20.69,30.32,-15.53,0.00,0.00
1845.57,56.00,57.35,55.50,57.55,1850.66,-33.66,4.94,11.65,3.88,4.20,25.78,-20.46,29.66,-16.26,0.00,0.00
1847.73,56.34,57.86,55.84,58.03,1864.04,-35.75,5.55,10.86,4.18,3.60,24.86,-20.28,29.04,-16.69,0.00,0.00
1850.16,56.71,58.44,56.22,58.56,1878.83,-38.32,6.35,10.01,4.82,3.24,23.82,-20.08,28.65,-16.83,0.00,0.00
1852.95,57.13,59.12,56.64,59.18,1896.05,-41.51,6.96,8.99,4.58,2.68,22.60,-19.83,27.18,-17.15,0.00,0.00
1855.24,57.46,59.67,56.99,59.69,1910.12,-44.32,7.47,8.14,4.84,2.23,21.58,-19.63,26.42,-17.40,0.00,0.00
1857.58,57.79,60.24,57.33,60.23,1924.46,-47.48,7.82,7.41,4.66,2.12,20.53,-19.42,25.20,-17.30,0.00,0.00
1859.73,58.09,60.77,57.64,60.72,1937.60,-50.43,8.16,6.58,4.88,1.37,19.55,-19.22,24.43,-17.85,0.00,0.00
1862.48,58.46,61.44,58.03,61.35,1954.15,-54.36,8.66,5.48,5.23,0.73,18.28,-18.96,23.51,-18.22,0.00,0.00
1865.10,58.79,62.09,58.38,61.95,1969.77,-58.43,9.08,4.52,5.35,0.43,17.06,-18.71,22.41,-18.28,0.00,0.00
1867.23,59.06,62.61,58.66,62.44,1982.41,-61.90,9.39,3.73,5.41,0.02,16.05,-18.50,21.46,-18.48,0.00,0.00
1869.63,59.35,63.21,58.97,62.99,1996.49,-65.90,9.74,2.75,5.61,-0.66,14.90,-18.26,20.51,-18.92,0.00,0.00
1872.68,59.70,63.96,59.34,63.70,2014.20,-71.37,10.11,1.64,5.67,-1.00,13.41,-17.96,19.08,-18.95,0.00,0.00
1874.93,59.95,64.51,59.61,64.22,2027.14,-75.52,10.34,0.75,5.66,-1.61,12.30,-17.72,17.96,-19.33,0.00,0.00
1877.28,60.20,65.10,59.87,64.77,2040.41,-80.22,10.64,0.02,5.96,-1.56,11.12,-17.48,17.09,-19.03,0.00,0.00
1880.32,60.50,65.85,60.19,65.48,2057.40,-86.59,10.92,-0.89,5.91,-1.93,9.58,-17.16,15.50,-19.09,0.00,0.00
1882.61,60.72,66.41,60.43,66.02,2069.94,-91.52,11.17,-1.64,6.15,-2.46,8.41,-16.91,14.55,-19.37,0.00,0.00
1884.91,60.93,66.97,60.65,66.55,2082.23,-96.61,11.51,-2.38,6.48,-2.79,7.22,-16.66,13.70,-19.45,0.00,0.00
1888.04,61.19,67.74,60.94,67.29,2099.08,-103.91,11.58,-3.31,5.90,-3.14,5.56,-16.31,11.46,-19.45,0.00,0.00
1890.37,61.37,68.31,61.13,67.84,2111.25,-109.78,11.69,-3.73,6.09,-2.77,4.32,-16.05,10.42,-18.81,0.00,0.00
1892.78,61.55,68.89,61.32,68.40,2123.65,-115.84,11.75,-4.32,6.00,-3.39,3.03,-15.77,9.03,-19.16,0.00,0.00
1895.53,61.74,69.56,61.53,69.04,2137.44,-123.02,11.91,-4.96,6.24,-3.64,1.52,-15.45,7.76,-19.09,0.00,0.00
1897.90,61.89,70.13,61.68,69.60,2149.11,-129.55,11.94,-5.32,6.05,-3.42,0.22,-15.17,6.27,-18.59,0.00,0.00
1900.33,62.02,70.71,61.83,70.17,2160.78,-136.47,12.06,-5.66,6.27,-3.52,-1.15,-14.88,5.13,-18.39,0.00,0.00
1903.15,62.17,71.37,61.98,70.82,2173.94,-144.78,12.14,-5.93,6.22,-3.44,-2.74,-14.54,3.48,-17.98,0.00,0.00
1905.57,62.27,71.94,62.09,71.38,2185.06,-152.09,12.08,-6.14,5.91,-3.52,-4.12,-14.24,1.79,-17.76,0.00,0.00
1908.02,62.37,72.51,62.19,71.95,2195.85,-159.70,12.16,-6.31,6.24,-3.51,-5.54,-13.93,0.70,-17.44,0.00,0.00
1910.76,62.46,73.14,62.28,72.57,2207.58,-168.46,12.23,-6.45,6.24,-3.47,-7.15,-13.58,-0.90,-17.05,0.00,0.00
1913.15,62.52,73.69,62.33,73.10,2216.92,-176.31,12.80,-6.49,7.59,-3.32,-8.56,-13.28,-0.97,-16.60,0.00,0.00
1915.49,62.57,74.21,62.36,73.60,2225.58,-184.00,13.55,-6.68,8.39,-3.74,-9.96,-12.97,-1.57,-16.71,0.00,0.00
1918.64,62.61,74.92,62.39,74.29,2237.57,-194.83,13.71,-6.66,7.10,-3.30,-11.86,-12.55,-4.76,-15.85,0.00,0.00
1920.91,62.62,75.41,62.40,74.80,2245.97,-202.96,13.68,-6.45,6.79,-2.78,-13.25,-12.25,-6.46,-15.03,0.00,0.00
1923.68,62.62,76.01,62.40,75.40,2255.90,-212.78,13.50,-6.44,6.43,-3.20,-14.96,-11.88,-8.53,-15.08,0.00,0.00
1926.50,62.60,76.61,62.39,76.02,2265.74,-223.11,13.12,-6.32,5.87,-2.95,-16.72,-11.49,-10.85,-14.43,0.00,0.00
1928.66,62.56,77.06,62.36,76.48,2272.84,-231.13,12.88,-6.21,5.88,-2.84,-18.08,-11.19,-12.20,-14.03,0.00,0.00
1931.53,62.50,77.65,62.30,77.08,2281.69,-241.85,12.69,-6.21,6.02,-3.10,-19.92,-10.78,-13.90,-13.88,0.00,0.00
1934.09,62.43,78.17,62.25,77.61,2289.56,-251.52,12.02,-6.19,4.70,-3.05,-21.57,-10.42,-16.87,-13.47,0.00,0.00
1936.86,62.32,78.72,62.17,78.18,2297.67,-262.05,11.22,-6.33,4.17,-3.41,-23.38,-10.01,-19.21,-13.43,0.00,0.00
1939.21,62.22,79.17,62.10,78.65,2304.02,-270.88,10.59,-6.61,3.96,-3.92,-24.92,-9.67,-20.96,-13.59,0.00,0.00
1941.99,62.08,79.70,61.99,79.19,2311.25,-281.58,9.62,-6.87,3.05,-3.90,-26.77,-9.26,-23.71,-13.16,0.00,0.00
1944.81,61.91,80.22,61.87,79.74,2318.10,-292.57,8.50,-7.16,2.27,-4.09,-28.67,-8.83,-26.40,-12.92,0.00,0.00
1946.96,61.76,80.60,61.77,80.14,2323.03,-300.78,7.53,-7.64,1.52,-4.94,-30.13,-8.51,-28.61,-13.45,0.00,0.00
1949.80,61.55,81.10,61.61,80.66,2328.94,-311.95,6.26,-8.06,0.88,-4.78,-32.07,-8.07,-31.18,-12.85,0.00,0.00
1952.52,61.32,81.56,61.43,81.15,2334.10,-322.91,4.93,-8.38,0.04,-4.77,-33.95,-7.65,-33.92,-12.42,0.00,0.00
1954.67,61.13,81.91,61.28,81.53,2337.75,-331.55,3.88,-8.74,-0.52,-5.22,-35.45,-7.31,-35.97,-12.53,0.00,0.00
1957.49,60.85,82.36,61.06,82.01,2342.16,-342.97,2.25,-9.19,-1.77,-5.40,-37.43,-6.86,-39.21,-12.26,0.00,0.00
1960.03,60.58,82.75,60.85,82.43,2345.39,-353.25,0.95,-9.77,-2.08,-6.02,-39.24,-6.46,-41.32,-12.48,0.00,0.00
1962.83,60.25,83.17,60.58,82.86,2348.25,-364.72,-0.45,-10.39,-2.72,-6.30,-41.26,-6.00,-43.97,-12.31,0.00,0.00
1965.22,59.96,83.51,60.34,83.22,2350.07,-374.61,-1.59,-10.91,-3.19,-6.53,-42.99,-5.61,-46.17,-12.14,0.00,0.00
1968.02,59.58,83.89,60.03,83.64,2351.88,-386.41,-3.27,-11.42,-4.62,-6.63,-45.04,-5.14,-49.66,-11.77,0.00,0.00
1970.87,59.18,84.25,59.69,84.03,2352.82,-398.43,-4.84,-12.05,-5.18,-7.12,-47.14,-4.67,-52.33,-11.79,0.00,0.00
1973.94,58.71,84.62,59.29,84.43,2352.86,-411.57,-6.44,-12.66,-5.82,-7.31,-49.43,-4.14,-55.25,-11.46,0.00,0.00
1976.39,58.32,84.90,58.95,84.73,2352.10,-422.16,-7.56,-13.11,-6.09,-7.48,-51.27,-3.72,-57.36,-11.20,0.00,0.00
1978.77,57.91,85.16,58.58,85.01,2350.58,-432.55,-8.47,-13.56,-6.13,-7.72,-53.08,-3.31,-59.22,-11.03,0.00,0.00
1981.62,57.40,85.45,58.12,85.32,2348.16,-445.34,-9.71,-13.86,-7.03,-7.46,-55.27,-2.81,-62.30,-10.27,0.00,0.00
1983.82,56.98,85.66,57.74,85.56,2345.77,-455.36,-10.71,-14.00,-7.63,-7.33,-56.97,-2.42,-64.60,-9.75,0.00,0.00
1986.70,56.42,85.91,57.22,85.84,2341.81,-468.50,-11.95,-14.22,-8.14,-7.50,-59.21,-1.91,-67.35,-9.40,0.00,0.00
1989.27,55.88,86.11,56.73,86.07,2337.53,-480.30,-13.08,-14.49,-8.72,-7.75,-61.24,-1.44,-69.96,-9.20,0.00,0.00
1992.05,55.28,86.31,56.16,86.29,2331.90,-493.11,-14.07,-14.73,-8.82,-7.80,-63.43,-0.94,-72.26,-8.73,0.00,0.00
1994.33,54.77,86.45,55.67,86.44,2326.34,-503.72,-14.61,-14.95,-8.49,-7.96,-65.26,-0.52,-73.75,-8.48,0.00,0.00
1997.13,54.11,86.60,55.03,86.61,2318.81,-516.97,-15.32,-15.02,-8.93,-7.63,-67.51,0.00,-76.45,-7.63,0.00,0.00
1999.86,53.44,86.73,54.40,86.78,2311.27,-530.07,-16.69,-15.00,-10.85,-7.46,-69.73,0.52,-80.58,-6.94,0.00,0.00
2002.77,52.69,86.84,53.69,86.91,2301.67,-543.87,-17.54,-15.23,-10.23,-8.02,-72.12,1.07,-82.35,-6.95,0.00,0.00
2005.14,52.05,86.91,53.08,87.00,2293.14,-555.16,-18.27,-15.44,-10.68,-8.15,-74.08,1.52,-84.76,-6.62,0.00,0.00
2007.95,51.28,86.97,52.33,87.07,2282.09,-568.76,-19.04,-15.50,-10.88,-7.86,-76.42,2.06,-87.30,-5.79,0.00,0.00
2010.81,50.45,87.00,51.52,87.11,2269.50,-582.67,-19.46,-15.58,-10.47,-7.92,-78.83,2.62,-89.30,-5.30,0.00,0.00
2013.99,50.00,87.00,50.60,87.15,2255.09,-598.36,-12.37,-7.34,4.99,9.30,-41.11,41.19,-36.12,50.49,0.00,0.00
2016.34,49.31,86.99,49.88,87.14,2243.07,-609.96,-11.88,-6.95,-4.90,-2.64,-40.50,41.47,-45.40,38.82,0.00,0.00
2018.83,48.59,86.96,49.15,87.11,2230.61,-621.43,-11.60,-6.63,-5.25,-2.68,-39.86,41.74,-45.11,39.06,0.00,0.00
2021.68,47.81,86.90,48.34,87.05,2216.35,-633.76,-11.18,-6.12,-4.86,-2.16,-39.13,42.03,-43.98,39.88,0.00,0.00
2023.97,47.20,86.83,47.69,86.98,2204.61,-643.18,-10.54,-5.51,-3.88,-1.42,-38.53,42.26,-42.41,40.83,0.00,0.00
2026.74,46.49,86.72,46.94,86.88,2190.62,-653.73,-9.88,-4.79,-3.75,-1.09,-37.80,42.50,-41.55,41.41,0.00,0.00
2029.52,45.81,86.59,46.21,86.74,2176.42,-663.64,-9.00,-3.85,-2.92,-0.25,-37.07,42.73,-39.99,42.48,0.00,0.00
2031.68,45.31,86.47,45.68,86.62,2165.72,-670.14,-8.56,-3.70,-3.26,-1.49,-36.49,42.90,-39.75,41.40,0.00,0.00
2034.47,44.67,86.29,45.01,86.44,2151.88,-678.10,-7.96,-3.22,-2.90,-0.74,-35.75,43.09,-38.65,42.35,0.00,0.00
2036.98,44.13,86.11,44.45,86.26,2139.84,-684.38,-7.77,-2.92,-3.50,-0.87,-35.07,43.25,-38.57,42.38,0.00,0.00
2039.74,43.56,85.90,43.87,86.04,2126.70,-690.38,-7.54,-2.70,-3.36,-0.96,-34.32,43.40,-37.68,42.44,0.00,0.00
2042.09,43.09,85.69,43.40,85.83,2115.47,-694.69,-7.22,-2.67,-2.93,-1.27,-33.68,43.51,-36.61,42.24,0.00,0.00
2044.45,42.65,85.47,42.93,85.61,2104.31,-698.69,-6.98,-2.40,-2.99,-0.62,-33.03,43.61,-36.02,42.99,0.00,0.00
2047.35,42.12,85.18,42.39,85.31,2090.60,-702.62,-6.58,-2.25,-2.60,-0.87,-32.23,43.72,-34.84,42.85,0.00,0.00
2049.54,41.75,84.95,42.02,85.07,2080.47,-704.82,-6.42,-2.34,-2.83,-1.37,-31.62,43.78,-34.45,42.41,0.00,0.00
2052.34,41.29,84.63,41.57,84.73,2067.62,-706.62,-6.23,-2.77,-2.78,-2.15,-30.84,43.84,-33.62,41.69,0.00,0.00
2055.07,40.88,84.30,41.17,84.40,2055.57,-707.67,-6.41,-3.15,-3.53,-2.26,-30.08,43.88,-33.61,41.62,0.00,0.00
2058.06,40.45,83.92,40.76,84.00,2042.46,-707.81,-6.57,-3.76,-3.56,-2.91,-29.23,43.91,-32.79,41.00,0.00,0.00
2060.47,40.13,83.59,40.47,83.66,2032.09,-707.06,-6.81,-4.50,-3.89,-3.77,-28.54,43.91,-32.43,40.14,0.00,0.00
2062.92,39.82,83.25,40.18,83.30,2021.45,-705.78,-6.88,-5.20,-3.60,-4.04,-27.84,43.89,-31.44,39.85,0.00,0.00
2065.76,39.48,82.83,39.89,82.86,2009.39,-703.48,-7.10,-6.17,-3.92,-4.79,-27.02,43.86,-30.94,39.07,0.00,0.00
2068.09,39.23,82.48,39.66,82.49,1999.61,-701.26,-7.29,-6.75,-4.05,-4.63,-26.35,43.81,-30.40,39.18,0.00,0.00
2070.86,38.95,82.04,39.41,82.04,1988.25,-697.87,-7.64,-7.58,-4.46,-5.28,-25.54,43.74,-30.00,38.46,0.00,0.00
2073.66,38.69,81.58,39.19,81.55,1976.45,-693.50,-7.58,-8.68,-3.69,-6.32,-24.72,43.64,-28.41,37.33,0.00,0.00
2075.81,38.51,81.22,39.03,81.17,1967.71,-689.81,-7.77,-9.42,-4.31,-6.41,-24.08,43.55,-28.39,37.14,0.00,0.00
2078.68,38.29,80.72,38.85,80.65,1956.28,-684.38,-8.09,-10.31,-4.62,-6.72,-23.23,43.42,-27.85,36.70,0.00,0.00
2081.34,38.10,80.25,38.68,80.17,1945.73,-679.17,-8.33,-10.72,-4.61,-6.12,-22.43,43.27,-27.04,37.15,0.00,0.00
2084.19,37.93,79.72,38.54,79.63,1934.40,-672.65,-8.37,-11.49,-4.26,-7.10,-21.58,43.10,-25.84,36.00,0.00,0.00
2086.58,37.81,79.27,38.43,79.15,1924.88,-666.67,-8.31,-12.14,-4.03,-7.43,-20.86,42.94,-24.88,35.50,0.00,0.00
2089.37,37.68,78.73,38.32,78.59,1913.87,-659.29,-8.18,-12.77,-3.85,-7.51,-20.01,42.73,-23.86,35.21,0.00,0.00
2092.20,37.57,78.18,38.23,78.03,1903.17,-651.51,-8.32,-13.14,-4.40,-7.21,-19.14,42.49,-23.55,35.28,0.00,0.00
2094.37,37.51,77.74,38.17,77.58,1894.93,-645.21,-8.30,-13.35,-4.12,-7.17,-18.48,42.30,-22.59,35.13,0.00,0.00
2097.18,37.44,77.16,38.12,76.98,1884.23,-636.26,-8.10,-13.91,-3.69,-7.96,-17.61,42.03,-21.30,34.07,0.00,0.00
2099.76,37.40,76.62,38.08,76.44,1874.72,-627.89,-8.07,-14.12,-3.96,-7.47,-16.80,41.76,-20.77,34.30,0.00,0.00
2102.53,37.38,76.03,38.05,75.83,1864.37,-618.46,-7.73,-14.29,-3.25,-7.46,-15.94,41.46,-19.19,34.00,0.00,0.00
2104.87,37.38,75.53,38.05,75.32,1855.91,-610.18,-7.61,-14.35,-3.56,-7.29,-15.20,41.19,-18.76,33.89,0.00,0.00
2107.65,37.39,74.92,38.04,74.70,1845.74,-600.14,-7.17,-14.19,-2.78,-6.80,-14.32,40.84,-17.11,34.05,0.00,0.00
2110.49,37.43,74.29,38.06,74.07,1835.52,-589.48,-6.68,-13.95,-2.48,-6.56,-13.42,40.47,-15.90,33.91,0.00,0.00
2112.65,37.47,73.80,38.07,73.58,1827.81,-581.22,-6.28,-13.56,-2.21,-5.88,-12.73,40.17,-14.94,34.30,0.00,0.00
2115.43,37.54,73.17,38.11,72.94,1817.94,-570.17,-5.61,-13.13,-1.60,-5.79,-11.84,39.77,-13.44,33.99,0.00,0.00
2117.90,37.62,72.60,38.16,72.37,1809.30,-560.04,-4.98,-12.70,-1.22,-5.47,-11.04,39.40,-12.26,33.93,0.00,0.00
2120.69,37.72,71.95,38.21,71.72,1799.61,-548.46,-4.18,-11.91,-0.65,-4.55,-10.13,38.96,-10.78,34.41,0.00,0.00
2122.98,37.82,71.42,38.26,71.18,1791.66,-538.97,-3.38,-10.93,0.04,-3.31,-9.38,38.59,-9.34,35.27,0.00,0.00
2125.74,37.96,70.76,38.33,70.53,1782.12,-527.19,-2.26,-9.76,0.90,-2.77,-8.48,38.11,-7.58,35.34,0.00,0.00
2128.52,38.12,70.10,38.42,69.88,1772.85,-514.93,-1.26,-8.61,1.17,-2.22,-7.56,37.62,-6.39,35.39,0.00,0.00
2130.70,38.26,69.58,38.51,69.35,1765.67,-504.93,-0.41,-7.84,1.75,-2.15,-6.84,37.22,-5.09,35.06,0.00,0.00
2133.19,38.42,68.98,38.61,68.76,1757.69,-493.46,0.47,-6.70,1.99,-1.07,-6.01,36.74,-4.02,35.67,0.00,0.00
2135.98,38.63,68.30,38.74,68.09,1748.86,-480.43,1.58,-5.31,2.77,-0.17,-5.08,36.19,-2.30,36.02,0.00,0.00
2138.22,38.80,67.75,38.85,67.55,1741.89,-469.80,2.50,-4.13,3.30,0.58,-4.32,35.73,-1.02,36.31,0.00,0.00
2140.57,39.00,67.18,38.98,66.98,1734.64,-458.46,3.53,-2.79,3.96,1.45,-3.53,35.23,0.43,36.68,0.00,0.00
2143.31,39.25,66.51,39.14,66.32,1726.45,-445.01,4.72,-1.25,4.52,2.19,-2.60,34.64,1.93,36.83,0.00,0.00
2145.42,39.44,65.99,39.28,65.82,1720.51,-434.51,5.41,-0.02,4.34,2.89,-1.88,34.17,2.46,37.06,0.00,0.00
2148.44,39.74,65.24,39.50,65.11,1712.54,-419.17,6.10,1.72,4.20,3.75,-0.84,33.47,3.36,37.22,0.00,0.00
2150.53,39.96,64.73,39.69,64.63,1707.79,-408.23,5.97,2.79,2.66,3.97,-0.12,32.97,2.54,36.94,0.00,0.00
2152.94,40.22,64.13,39.92,64.07,1702.34,-395.35,5.95,3.96,2.95,4.39,0.71,32.39,3.66,36.78,0.00,0.00
2155.02,40.46,63.62,40.11,63.57,1697.27,-384.19,6.45,5.10,4.40,5.30,1.44,31.87,5.84,37.16,0.00,0.00
2157.75,40.78,62.94,40.36,62.92,1690.59,-369.29,7.35,6.47,5.33,5.74,2.39,31.17,7.72,36.91,0.00,0.00
2160.39,41.10,62.29,40.62,62.28,1684.52,-354.59,8.04,7.74,5.33,6.26,3.32,30.48,8.65,36.74,0.00,0.00
2162.49,41.37,61.77,40.84,61.77,1679.84,-342.62,8.62,8.58,5.68,6.29,4.06,29.91,9.73,36.21,0.00,0.00
2165.09,41.71,61.13,41.14,61.15,1674.63,-327.57,8.93,9.57,5.08,6.70,4.98,29.20,10.06,35.89,0.00,0.00
2167.21,41.99,60.62,41.40,60.66,1670.75,-315.31,9.02,10.46,4.71,7.33,5.73,28.60,10.44,35.94,0.00,0.00
2169.92,42.37,59.95,41.74,60.01,1665.69,-299.03,9.40,11.22,5.41,7.00,6.70,27.82,12.12,34.82,0.00,0.00
2172.68,42.77,59.28,42.11,59.35,1660.99,-282.22,9.63,11.83,5.23,7.03,7.69,27.01,12.92,34.04,0.00,0.00
2174.78,43.08,58.78,42.40,58.86,1657.65,-269.38,9.73,12.39,5.11,7.52,8.45,26.38,13.56,33.90,0.00,0.00
2177.51,43.49,58.12,42.79,58.23,1653.74,-252.69,9.66,13.21,4.71,8.11,9.44,25.54,14.15,33.65,0.00,0.00
2179.56,43.81,57.63,43.10,57.76,1651.15,-239.88,9.45,13.61,4.19,7.78,10.19,24.90,14.38,32.68,0.00,0.00
2182.27,44.24,56.99,43.53,57.14,1647.92,-222.78,9.19,14.11,4.11,7.98,11.18,24.03,15.29,32.00,0.00,0.00
2185.00,44.68,56.35,43.97,56.50,1644.77,-205.22,9.09,14.32,4.37,7.55,12.18,23.14,16.55,30.69,0.00,0.00
2187.14,45.04,55.85,44.33,56.02,1642.69,-191.43,8.82,14.53,3.80,7.74,12.97,22.42,16.77,30.17,0.00,0.00
2189.55,45.45,55.29,44.74,55.48,1640.66,-175.91,8.40,14.83,3.32,8.05,13.87,21.60,17.19,29.66,0.00,0.00
2192.30,45.92,54.66,45.23,54.88,1638.80,-157.92,7.75,14.90,2.69,7.57,14.89,20.65,17.58,28.22,0.00,0.00
2194.62,46.33,54.13,45.66,54.36,1637.39,-142.43,7.25,14.75,2.54,7.05,15.76,19.83,18.30,26.89,0.00,0.00
2197.05,46.77,53.59,46.12,53.83,1636.14,-126.21,6.73,14.56,2.30,6.88,16.67,18.96,18.97,25.84,0.00,0.00
2199.20,47.16,53.11,46.53,53.36,1635.19,-111.86,6.30,14.40,2.15,6.84,17.48,18.17,19.63,25.01,0.00,0.00
2201.94,47.67,52.52,47.06,52.78,1634.42,-93.52,5.58,14.15,1.47,6.62,18.52,17.16,19.99,23.77,0.00,0.00
2204.65,48.18,51.93,47.61,52.21,1634.03,-75.30,4.79,13.87,0.94,6.42,19.55,16.13,20.49,22.55,0.00,0.00
2206.82,48.59,51.47,48.05,51.76,1634.01,-60.75,4.08,13.63,0.40,6.27,20.38,15.29,20.77,21.56,0.00,0.00
2209.18,49.05,50.98,48.55,51.28,1634.23,-44.78,3.28,13.20,-0.06,5.68,21.28,14.37,21.22,20.05,0.00,0.00
2211.92,49.59,50.42,49.13,50.73,1634.62,-26.21,2.49,12.67,-0.19,5.38,22.34,13.28,22.15,18.66,0.00,0.00
2214.31,50.00,50.00,49.63,50.25,1635.06,-10.31,1.96,10.31,-0.12,0.21,-22.85,39.12,-22.98,39.32,0.00,0.00
2216.78,50.49,49.50,50.16,49.77,1635.76,6.42,1.13,9.79,-1.11,3.85,-22.69,38.28,-23.80,42.13,0.00,0.00
2218.91,50.91,49.06,50.62,49.34,1636.34,20.85,0.25,9.35,-1.95,3.63,-22.55,37.55,-24.50,41.18,0.00,0.00
2221.67,51.44,48.49,51.17,48.74,1635.61,39.84,0.29,8.55,0.23,2.83,-22.36,36.58,-22.13,39.41,0.00,0.00
2224.45,51.97,47.90,51.71,48.11,1634.01,58.86,0.90,7.83,1.55,2.63,-22.16,35.58,-20.61,38.21,0.00,0.00
2226.53,52.36,47.45,52.12,47.67,1633.55,72.91,0.41,7.55,-0.96,3.09,-22.01,34.82,-22.97,37.91,0.00,0.00
2229.15,52.85,46.88,52.64,47.15,1633.50,89.93,-0.98,7.81,-3.15,4.41,-21.81,33.85,-24.96,38.26,0.00,0.00
2232.04,53.37,46.23,53.18,46.54,1632.53,108.76,-1.91,8.13,-2.57,4.61,-21.59,32.75,-24.16,37.36,0.00,0.00
2234.43,53.80,45.70,53.62,46.03,1631.28,124.26,-2.47,8.36,-2.40,4.68,-21.41,31.84,-23.81,36.51,0.00,0.00
2236.90,54.23,45.14,54.05,45.48,1629.22,140.27,-2.51,8.63,-1.34,4.86,-21.21,30.87,-22.55,35.73,0.00,0.00
2239.06,54.60,44.64,54.41,44.98,1627.06,154.36,-2.38,8.74,-0.90,4.62,-21.04,30.01,-21.94,34.62,0.00,0.00
2241.82,55.07,44.00,54.88,44.36,1624.49,172.22,-2.66,8.98,-1.83,4.92,-20.81,28.89,-22.64,33.81,0.00,0.00
2244.37,55.49,43.40,55.29,43.78,1621.81,188.57,-2.87,9.33,-1.84,5.35,-20.59,27.84,-22.43,33.19,0.00,0.00
2246.47,55.83,42.91,55.63,43.30,1619.57,201.93,-3.18,9.61,-2.32,5.49,-20.41,26.96,-22.73,32.45,0.00,0.00
2249.21,56.26,42.26,56.07,42.66,1616.30,219.51,-3.47,9.77,-2.27,5.18,-20.17,25.80,-22.45,30.99,0.00,0.00
2251.83,56.67,41.63,56.46,42.03,1612.32,236.23,-3.17,9.95,-1.00,5.31,-19.94,24.67,-20.94,29.98,0.00,0.00
2253.98,56.99,41.11,56.77,41.51,1608.94,249.90,-2.96,10.02,-1.01,5.16,-19.74,23.73,-20.75,28.89,0.00,0.00
2256.72,57.39,40.45,57.17,40.85,1604.52,267.10,-2.85,10.27,-1.22,5.59,-19.49,22.52,-20.71,28.11,0.00,0.00
2259.42,57.77,39.79,57.54,40.21,1600.08,283.71,-2.90,10.67,-1.53,6.07,-19.23,21.30,-20.76,27.37,0.00,0.00
2261.55,58.07,39.27,57.83,39.69,1596.32,296.98,-2.85,10.72,-1.32,5.48,-19.03,20.33,-20.35,25.80,0.00,0.00
2264.29,58.43,38.60,58.19,39.01,1591.12,313.92,-2.66,10.80,-0.97,5.55,-18.76,19.05,-19.73,24.61,0.00,0.00
2266.95,58.78,37.94,58.52,38.34,1585.60,330.34,-2.24,10.72,-0.33,5.20,-18.50,17.80,-18.83,23.01,0.00,0.00
2269.10,59.04,37.42,58.78,37.80,1581.03,343.30,-1.94,10.76,-0.27,5.48,-18.28,16.78,-18.55,22.26,0.00,0.00
2271.89,59.38,36.73,59.10,37.12,1575.03,359.85,-1.73,10.99,-0.49,5.90,-18.00,15.43,-18.49,21.33,0.00,0.00
2274.51,59.68,36.08,59.40,36.47,1569.36,375.42,-1.73,10.97,-0.86,5.44,-17.72,14.14,-18.58,19.59,0.00,0.00
2276.66,59.92,35.55,59.64,35.92,1564.31,388.17,-1.47,10.79,-0.14,4.99,-17.49,13.08,-17.64,18.07,0.00,0.00
2279.44,60.21,34.86,59.93,35.22,1557.61,404.54,-1.21,10.51,-0.14,4.75,-17.19,11.67,-17.33,16.43,0.00,0.00
2282.03,60.47,34.22,60.19,34.56,1551.08,419.44,-0.88,10.32,0.21,4.78,-16.91,10.35,-16.71,15.14,0.00,0.00
2284.18,60.68,33.69,60.38,34.03,1545.57,431.41,-0.66,10.37,0.18,5.32,-16.67,9.24,-16.50,14.56,0.00,0.00
2286.96,60.93,33.01,60.64,33.34,1538.45,446.90,-0.59,10.17,-0.16,4.71,-16.36,7.79,-16.52,12.50,0.00,0.00
2289.60,61.16,32.36,60.86,32.68,1531.24,461.34,-0.30,10.02,0.38,4.73,-16.06,6.39,-15.68,11.12,0.00,0.00
2291.74,61.33,31.84,61.04,32.14,1525.35,472.96,-0.15,9.71,0.29,4.14,-15.81,5.24,-15.52,9.38,0.00,0.00
2294.46,61.53,31.18,61.24,31.47,1517.62,487.31,0.08,9.52,0.47,4.41,-15.49,3.76,-15.02,8.18,0.00,0.00
2297.22,61.72,30.51,61.42,30.79,1509.58,501.42,0.31,9.44,0.56,4.57,-15.16,2.24,-14.60,6.81,0.00,0.00
2299.48,61.86,29.97,61.56,30.24,1502.81,512.71,0.53,9.34,0.77,4.44,-14.89,0.99,-14.12,5.43,0.00,0.00
2301.84,62.00,29.41,61.69,29.66,1495.40,524.47,0.93,9.05,1.32,3.93,-14.60,-0.34,-13.28,3.58,0.00,0.00
2303.99,62.11,28.90,61.81,29.13,1488.68,534.97,1.16,8.75,1.10,3.66,-14.33,-1.57,-13.24,2.10,0.00,0.00
2306.73,62.24,28.25,61.94,28.47,1479.91,547.95,1.45,8.43,1.27,3.65,-13.99,-3.14,-12.72,0.50,0.00,0.00
2309.50,62.35,27.61,62.05,27.80,1470.88,560.61,1.74,8.17,1.38,3.60,-13.63,-4.76,-12.25,-1.16,0.00,0.00
2311.73,62.43,27.09,62.12,27.27,1463.43,570.54,2.00,7.92,1.58,3.41,-13.35,-6.07,-11.77,-2.67,0.00,0.00
2314.05,62.49,26.56,62.19,26.73,1455.63,580.56,2.20,7.66,1.54,3.27,-13.04,-7.45,-11.50,-4.18,0.00,0.00
2316.86,62.56,25.92,62.26,26.07,1446.03,592.40,2.39,7.27,1.54,2.94,-12.67,-9.15,-11.13,-6.21,0.00,0.00
2319.26,62.59,25.39,62.30,25.52,1437.66,602.03,2.58,7.05,1.68,3.07,-12.35,-10.61,-10.67,-7.54,0.00,0.00
2321.82,62.62,24.82,62.33,24.94,1428.63,612.07,2.77,6.61,1.76,2.45,-12.00,-12.18,-10.25,-9.73,0.00,0.00
2323.91,62.62,24.37,62.34,24.48,1421.16,619.78,2.88,6.47,1.70,2.90,-11.71,-13.48,-10.01,-10.58,0.00,0.00
2326.76,62.61,23.75,62.33,23.85,1410.85,630.02,2.98,6.11,1.66,2.43,-11.32,-15.27,-9.66,-12.84,0.00,0.00
2329.50,62.58,23.17,62.31,23.26,1400.90,639.23,2.97,5.88,1.47,2.52,-10.93,-17.01,-9.46,-14.49,0.00,0.00
2331.63,62.55,22.73,62.29,22.81,1393.05,646.33,2.96,5.41,1.46,1.60,-10.63,-18.38,-9.17,-16.77,0.00,0.00
2334.43,62.48,22.16,62.25,22.22,1382.68,655.29,2.85,4.69,1.22,1.06,-10.23,-20.19,-9.00,-19.13,0.00,0.00
2337.17,62.39,21.61,62.18,21.66,1372.58,663.27,2.52,4.26,0.65,1.35,-9.83,-21.99,-9.17,-20.64,0.00,0.00
2339.42,62.30,21.17,62.12,21.22,1364.25,669.64,2.17,3.67,0.33,0.51,-9.49,-23.48,-9.16,-22.97,0.00,0.00
2341.73,62.19,20.73,62.06,20.77,1355.83,675.90,1.59,2.94,-0.47,-0.10,-9.15,-25.02,-9.62,-25.12,0.00,0.00
2344.49,62.05,20.21,61.95,20.24,1345.40,682.80,1.13,2.14,-0.27,-0.40,-8.73,-26.88,-9.00,-27.28,0.00,0.00
2346.87,61.90,19.77,61.84,19.79,1336.39,688.43,0.60,1.30,-0.82,-1.09,-8.37,-28.51,-9.19,-29.60,0.00,0.00
2349.29,61.74,19.34,61.73,19.35,1327.18,693.74,0.03,0.39,-1.17,-1.70,-8.00,-30.17,-9.17,-31.88,0.00,0.00
2352.16,61.52,18.84,61.58,18.85,1316.59,699.48,-1.14,-0.73,-2.61,-2.31,-7.55,-32.17,-10.16,-34.48,0.00,0.00
2354.63,61.31,18.42,61.41,18.42,1306.94,703.74,-1.71,-1.57,-2.01,-2.49,-7.16,-33.90,-9.17,-36.39,0.00,0.00
2357.04,61.09,18.02,61.24,18.02,1297.52,707.48,-2.40,-2.45,-2.62,-3.04,-6.78,-35.61,-9.40,-38.65,0.00,0.00
2359.81,60.81,17.58,61.02,17.58,1286.75,711.23,-3.34,-3.55,-3.36,-3.76,-6.33,-37.59,-9.69,-41.35,0.00,0.00
2362.15,60.56,17.23,60.83,17.21,1277.48,714.09,-4.06,-4.68,-3.58,-4.76,-5.95,-39.27,-9.53,-44.03,0.00,0.00
2364.45,60.30,16.89,60.62,16.86,1268.34,716.42,-4.84,-5.79,-4.12,-5.30,-5.57,-40.95,-9.70,-46.25,0.00,0.00
2367.35,59.94,16.47,60.34,16.44,1256.85,718.55,-5.99,-7.06,-4.97,-5.73,-5.09,-43.08,-10.06,-48.81,0.00,0.00
2369.60,59.64,16.17,60.09,16.14,1247.84,719.52,-6.84,-7.90,-5.32,-5.82,-4.72,-44.75,-10.04,-50.56,0.00,0.00
2372.07,59.29,15.85,59.80,15.81,1237.86,720.15,-7.82,-8.94,-5.88,-6.58,-4.30,-46.60,-10.18,-53.18,0.00,0.00
2374.93,58.87,15.49,59.45,15.45,1226.11,720.20,-8.85,-10.19,-6.22,-7.27,-3.81,-48.76,-10.03,-56.03,0.00,0.00
2377.09,58.53,15.24,59.16,15.19,1217.10,719.80,-9.54,-11.22,-6.38,-8.01,-3.44,-50.40,-9.82,-58.41,0.00,0.00
2379.87,58.06,14.93,58.76,14.86,1205.28,718.64,-10.33,-12.58,-6.58,-8.73,-2.95,-52.53,-9.53,-61.27,0.00,0.00
2382.42,57.61,14.67,58.38,14.59,1194.42,716.81,-11.15,-13.76,-7.19,-9.19,-2.50,-54.51,-9.69,-63.71,0.00,0.00
2385.28,57.09,14.39,57.92,14.32,1182.49,713.74,-12.37,-14.84,-8.33,-9.30,-2.00,-56.75,-10.32,-66.04,0.00,0.00
2387.59,56.64,14.19,57.51,14.12,1172.67,710.29,-13.30,-15.38,-8.66,-8.87,-1.58,-58.57,-10.24,-67.44,0.00,0.00
2390.40,56.07,13.96,57.00,13.91,1160.78,705.45,-14.49,-16.13,-9.38,-9.41,-1.07,-60.80,-10.45,-70.21,0.00,0.00
2393.20,55.47,13.75,56.46,13.71,1148.65,699.92,-15.53,-17.03,-9.61,-10.11,-0.56,-63.05,-10.17,-73.16,0.00,0.00
2396.14,54.81,13.56,55.85,13.50,1135.36,693.35,-16.17,-18.14,-9.16,-10.96,-0.02,-65.44,-9.18,-76.40,0.00,0.00
2398.54,54.24,13.43,55.31,13.36,1124.20,686.80,-16.43,-18.57,-8.76,-10.18,0.43,-67.40,-8.32,-77.58,0.00,0.00
2401.33,53.56,13.29,54.64,13.22,1110.97,677.99,-16.54,-18.69,-8.49,-9.55,0.96,-69.70,-7.53,-79.25,0.00,0.00
2404.15,52.84,13.18,53.93,13.11,1097.41,668.25,-16.60,-18.92,-8.39,-9.87,1.50,-72.05,-6.90,-81.92,0.00,0.00
2406.30,52.28,13.11,53.37,13.04,1087.17,660.26,-16.76,-19.13,-8.76,-10.05,1.91,-73.85,-6.85,-83.90,0.00,0.00
2409.18,51.49,13.05,52.59,12.97,1073.16,648.52,-16.70,-19.21,-8.25,-9.75,2.46,-76.28,-5.79,-86.03,0.00,0.00
2411.79,50.74,13.01,51.84,12.92,1060.26,637.12,-16.57,-19.43,-8.03,-10.12,2.98,-78.51,-5.06,-88.63,0.00,0.00
2414.73,50.00,13.00,50.97,12.91,1045.73,622.99,-14.41,-17.29,-3.52,-5.01,41.73,-41.66,38.21,-46.67,0.00,0.00
2417.05,49.31,13.01,50.24,12.93,1034.09,610.91,-13.85,-16.60,-5.72,-6.82,41.97,-41.06,36.25,-47.88,0.00,0.00
2419.83,48.52,13.05,49.40,12.97,1020.95,596.34,-13.07,-15.58,-5.14,-5.94,42.24,-40.34,37.10,-46.29,0.00,0.00
2422.65,47.75,13.11,48.56,13.05,1008.51,581.40,-12.26,-14.34,-4.68,-4.98,42.49,-39.61,37.81,-44.59,0.00,0.00
2424.80,47.18,13.18,47.92,13.11,999.06,569.79,-11.06,-13.17,-2.75,-3.87,42.67,-39.05,39.92,-42.92,0.00,0.00
2427.67,46.45,13.29,47.11,13.23,987.79,554.72,-9.90,-11.88,-2.93,-3.69,42.89,-38.29,39.96,-41.98,0.00,0.00
2430.24,45.82,13.41,46.40,13.35,978.12,541.05,-8.51,-10.52,-1.54,-2.60,43.07,-37.61,41.53,-40.21,0.00,0.00
2433.21,45.12,13.58,45.63,13.54,968.72,525.32,-7.75,-8.95,-2.60,-1.84,43.25,-36.81,40.65,-38.65,0.00,0.00
2435.64,44.58,13.74,45.02,13.71,961.49,512.58,-6.84,-7.69,-1.56,-1.25,43.39,-36.16,41.83,-37.41,0.00,0.00
2438.06,44.06,13.91,44.46,13.89,955.12,500.41,-6.13,-6.90,-1.59,-1.81,43.51,-35.51,41.92,-37.31,0.00,0.00
2440.94,43.47,14.14,43.83,14.13,948.75,486.19,-5.67,-6.15,-2.04,-1.76,43.63,-34.72,41.59,-36.48,0.00,0.00
2443.32,43.00,14.35,43.32,14.33,943.71,474.46,-4.87,-5.49,-0.75,-1.37,43.71,-34.07,42.96,-35.43,0.00,0.00
2445.71,42.55,14.58,42.83,14.56,939.58,462.79,-4.38,-4.86,-1.17,-1.11,43.78,-33.41,42.61,-34.51,0.00,0.00
2448.56,42.04,14.87,42.29,14.87,935.74,448.92,-4.11,-4.04,-1.57,-0.58,43.85,-32.62,42.28,-33.19,0.00,0.00
2450.93,41.64,15.12,41.89,15.15,933.69,437.67,-4.41,-3.57,-2.85,-0.81,43.89,-31.95,41.04,-32.76,0.00,0.00
2453.29,41.26,15.40,41.50,15.44,932.07,426.71,-4.57,-3.26,-2.61,-0.97,43.91,-31.29,41.30,-32.26,0.00,0.00
2456.13,40.83,15.74,41.07,15.78,930.73,413.99,-4.64,-3.24,-2.46,-1.59,43.92,-30.49,41.46,-32.07,0.00,0.00
2458.49,40.49,16.04,40.74,16.09,930.42,403.51,-4.93,-3.28,-3.06,-1.73,43.91,-29.81,40.85,-31.54,0.00,0.00
2460.80,40.18,16.35,40.44,16.42,930.86,393.31,-5.43,-3.26,-3.81,-1.57,43.89,-29.15,40.08,-30.72,0.00,0.00
2463.56,39.83,16.74,40.12,16.83,932.35,381.18,-6.36,-3.17,-4.85,-1.43,43.85,-28.36,39.00,-29.78,0.00,0.00
2465.90,39.55,17.08,39.87,17.19,934.09,371.16,-7.06,-3.28,-5.04,-1.88,43.80,-27.68,38.76,-29.56,0.00,0.00
2468.20,39.29,17.43,39.63,17.55,936.16,361.41,-7.64,-3.40,-5.07,-1.95,43.73,-27.01,38.67,-28.96,0.00,0.00
2471.01,39.00,17.87,39.38,18.00,939.30,349.91,-8.32,-3.86,-5.38,-2.75,43.64,-26.18,38.26,-28.93,0.00,0.00
2473.33,38.79,18.24,39.18,18.39,942.44,340.22,-8.93,-3.89,-5.79,-2.02,43.54,-25.50,37.76,-27.52,0.00,0.00
2475.62,38.58,18.62,39.01,18.79,946.20,330.95,-9.73,-4.17,-6.61,-2.70,43.43,-24.82,36.83,-27.52,0.00,0.00
2478.50,38.35,19.12,38.82,19.32,951.76,319.26,-10.95,-4.35,-7.60,-2.49,43.28,-23.96,35.68,-26.45,0.00,0.00
2480.79,38.19,19.52,38.68,19.73,956.28,310.23,-11.55,-4.65,-7.08,-2.97,43.14,-23.27,36.06,-26.24,0.00,0.00
2483.58,38.01,20.03,38.54,20.24,962.30,299.58,-12.24,-5.17,-7.36,-3.54,42.95,-22.43,35.59,-25.97,0.00,0.00
2486.37,37.85,20.55,38.42,20.77,968.87,288.90,-12.84,-5.60,-7.49,-3.56,42.75,-21.58,35.26,-25.14,0.00,0.00
2488.60,37.74,20.97,38.33,21.21,974.70,280.37,-13.48,-5.80,-8.18,-3.36,42.57,-20.90,34.39,-24.27,0.00,0.00
2491.37,37.63,21.51,38.25,21.77,982.52,269.85,-14.34,-6.00,-8.72,-3.37,42.33,-20.05,33.61,-23.42,0.00,0.00
2494.21,37.53,22.08,38.18,22.34,990.82,259.28,-14.93,-6.26,-8.51,-3.58,42.06,-19.18,33.55,-22.75,0.00,0.00
2496.32,37.48,22.51,38.14,22.77,997.11,251.63,-15.11,-6.54,-7.99,-3.95,41.85,-18.52,33.85,-22.47,0.00,0.00
2499.20,37.42,23.10,38.11,23.36,1006.16,241.48,-15.33,-7.08,-8.04,-4.46,41.54,-17.62,33.50,-22.08,0.00,0.00
2501.89,37.39,23.67,38.08,23.93,1015.15,231.75,-15.57,-7.14,-8.23,-3.70,41.23,-16.78,33.01,-20.48,0.00,0.00
2504.82,37.38,24.30,38.08,24.56,1025.52,221.31,-15.88,-7.19,-8.47,-3.68,40.88,-15.85,32.41,-19.53,0.00,0.00
2507.25,37.38,24.83,38.09,25.09,1034.29,212.67,-15.85,-7.14,-7.85,-3.47,40.57,-15.07,32.71,-18.55,0.00,0.00
2509.67,37.41,25.36,38.10,25.62,1043.14,204.24,-15.63,-7.06,-7.37,-3.37,40.25,-14.30,32.88,-17.67,0.00,0.00
2512.45,37.45,25.98,38.12,26.23,1053.42,194.63,-15.01,-6.93,-6.39,-3.23,39.85,-13.41,33.46,-16.64,0.00,0.00
2514.72,37.50,26.50,38.15,26.74,1062.17,186.77,-14.52,-6.66,-6.17,-2.73,39.52,-12.68,33.35,-15.41,0.00,0.00
2517.48,37.58,27.13,38.20,27.37,1073.42,177.25,-14.13,-6.21,-6.37,-2.29,39.09,-11.78,32.73,-14.07,0.00,0.00
2520.29,37.68,27.78,38.26,28.01,1084.95,167.76,-13.40,-5.74,-5.41,-2.03,38.64,-10.86,33.24,-12.89,0.00,0.00
2522.42,37.77,28.28,38.32,28.50,1093.83,160.64,-12.69,-5.33,-4.68,-1.70,38.29,-10.16,33.61,-11.86,0.00,0.00
2525.28,37.90,28.95,38.40,29.15,1105.85,151.46,-11.47,-4.97,-3.60,-1.85,37.79,-9.21,34.19,-11.07,0.00,0.00
2527.87,38.04,29.57,38.49,29.75,1117.06,143.06,-10.35,-4.37,-3.01,-1.02,37.32,-8.36,34.32,-9.38,0.00,0.00
2530.74,38.21,30.25,38.60,30.43,1130.06,133.68,-9.29,-3.42,-2.81,-0.07,36.79,-7.40,33.98,-7.46,0.00,0.00
2533.15,38.37,30.83,38.70,31.01,1141.20,125.97,-8.34,-2.62,-2.18,0.37,36.32,-6.59,34.14,-6.22,0.00,0.00
2535.68,38.55,31.45,38.82,31.60,1152.87,118.19,-7.04,-1.91,-0.95,0.45,35.81,-5.74,34.86,-5.28,0.00,0.00
2537.83,38.71,31.97,38.93,32.11,1162.89,111.71,-5.80,-1.30,-0.02,0.75,35.37,-5.01,35.35,-4.25,0.00,0.00
2540.58,38.94,32.64,39.08,32.75,1175.88,103.47,-4.11,-0.38,1.01,1.48,34.78,-4.07,35.79,-2.59,0.00,0.00
2543.23,39.17,33.29,39.23,33.39,1188.86,95.65,-2.67,0.59,1.39,2.13,34.20,-3.16,35.59,-1.03,0.00,0.00
2545.34,39.37,33.81,39.37,33.90,1199.48,89.58,-1.57,1.34,1.82,2.43,33.72,-2.43,35.55,-0.01,0.00,0.00
2547.73,39.60,34.40,39.54,34.47,1211.63,82.95,-0.32,2.14,2.46,2.75,33.17,-1.61,35.63,1.14,0.00,0.00
2549.85,39.81,34.92,39.70,34.98,1222.55,77.30,0.84,2.74,3.17,2.80,32.67,-0.87,35.83,1.92,0.00,0.00
2552.56,40.10,35.59,39.93,35.63,1236.81,70.36,2.29,3.42,3.82,2.96,32.01,0.07,35.82,3.04,0.00,0.00
2555.24,40.40,36.26,40.16,36.27,1251.24,63.68,3.59,4.15,4.22,3.43,31.33,1.01,35.55,4.44,0.00,0.00
2557.31,40.64,36.76,40.36,36.77,1262.63,58.82,4.45,4.58,4.31,3.34,30.81,1.74,35.12,5.08,0.00,0.00
2560.06,40.97,37.44,40.64,37.43,1277.96,52.60,5.66,5.10,5.03,3.50,30.08,2.72,35.12,6.21,0.00,0.00
2562.11,41.22,37.95,40.86,37.91,1289.61,48.27,6.48,5.35,5.23,3.27,29.53,3.44,34.77,6.71,0.00,0.00
2564.62,41.55,38.57,41.15,38.51,1303.98,43.13,7.53,5.67,5.85,3.48,28.84,4.34,34.69,7.82,0.00,0.00
2566.71,41.83,39.08,41.39,39.00,1316.04,39.00,8.42,5.95,6.34,3.64,28.26,5.09,34.60,8.73,0.00,0.00
2569.03,42.14,39.65,41.67,39.56,1329.73,34.63,9.21,6.22,6.32,3.70,27.59,5.93,33.91,9.63,0.00,0.00
2571.15,42.44,40.16,41.95,40.06,1342.45,30.92,9.79,6.36,6.27,3.50,26.97,6.69,33.24,10.19,0.00,0.00
2573.87,42.83,40.82,42.31,40.70,1358.84,26.37,10.63,6.53,6.84,3.59,26.16,7.68,33.01,11.27,0.00,0.00
2576.55,43.23,41.47,42.69,41.32,1375.30,22.32,11.30,6.51,6.91,3.21,25.35,8.66,32.26,11.87,0.00,0.00
2578.64,43.55,41.97,42.99,41.81,1388.16,19.29,11.86,6.55,7.26,3.38,24.70,9.43,31.95,12.81,0.00,0.00
2581.50,44.00,42.65,43.42,42.47,1406.06,15.67,12.42,6.34,7.20,2.79,23.79,10.48,30.99,13.27,0.00,0.00
2583.59,44.33,43.15,43.76,42.95,1419.47,13.29,12.59,6.09,6.70,2.45,23.11,11.26,29.82,13.70,0.00,0.00
2585.97,44.72,43.71,44.15,43.49,1434.69,10.74,12.93,5.83,7.17,2.39,22.33,12.14,29.50,14.53,0.00,0.00
2588.09,45.07,44.20,44.51,43.97,1448.51,8.81,12.93,5.46,6.48,1.86,21.62,12.93,28.10,14.79,0.00,0.00
2590.81,45.54,44.83,44.99,44.59,1466.40,6.61,12.90,4.94,6.39,1.51,20.69,13.95,27.08,15.46,0.00,0.00
2593.45,45.99,45.43,45.47,45.18,1484.07,4.75,12.61,4.43,5.76,1.26,19.77,14.95,25.53,16.20,0.00,0.00
2595.54,46.36,45.91,45.86,45.64,1497.93,3.52,12.52,3.97,6.05,0.88,19.03,15.74,25.08,16.62,0.00,0.00
2598.12,46.83,46.48,46.35,46.21,1515.11,2.26,12.43,3.36,6.03,0.50,18.10,16.72,24.13,17.22,0.00,0.00
2600.18,47.20,46.94,46.75,46.65,1528.96,1.54,12.17,2.79,5.46,0.01,17.35,17.51,22.80,17.52,0.00,0.00
2602.56,47.64,47.46,47.20,47.16,1544.71,0.75,12.15,2.29,6.02,0.10,16.46,18.42,22.48,18.51,0.00,0.00
2605.38,48.18,48.07,47.76,47.76,1563.67,0.00,11.83,1.80,5.35,0.03,15.39,19.50,20.74,19.53,0.00,0.00
2607.42,48.57,48.50,48.17,48.19,1577.45,-0.35,11.50,1.46,4.95,-0.12,14.61,20.29,19.56,20.17,0.00,0.00
2610.45,49.15,49.13,48.79,48.82,1597.93,-0.57,11.02,0.95,4.72,-0.36,13.42,21.47,18.14,21.11,0.00,0.00
2612.55,49.57,49.56,49.22,49.25,1611.84,-0.51,10.86,0.60,5.04,-0.52,12.59,22.29,17.63,21.76,0.00,0.00
2614.92,50.00,50.00,49.70,49.71,1627.48,-0.15,9.54,0.15,2.00,-0.87,20.86,19.24,22.86,18.37,0.00,0.00
2617.77,50.58,50.57,50.31,50.29,1646.82,0.42,8.92,-0.25,3.38,-0.83,20.09,19.86,23.47,19.03,0.00,0.00
2619.85,51.01,50.97,50.76,50.69,1660.68,1.08,8.75,-0.57,3.95,-1.06,19.52,20.31,23.47,19.25,0.00,0.00
2622.73,51.61,51.53,51.38,51.25,1680.13,2.02,8.28,-0.76,3.34,-0.71,18.71,20.93,22.06,20.22,0.00,0.00
2624.82,52.05,51.93,51.83,51.65,1694.04,2.90,8.15,-0.88,3.76,-0.73,18.11,21.37,21.88,20.64,0.00,0.00
2627.13,52.55,52.36,52.34,52.08,1709.31,4.17,8.14,-1.11,4.05,-1.06,17.44,21.86,21.49,20.80,0.00,0.00
2629.93,53.16,52.88,52.96,52.59,1727.96,6.02,7.99,-1.41,3.72,-1.24,16.60,22.44,20.32,21.20,0.00,0.00
2632.01,53.62,53.26,53.43,52.97,1741.78,7.45,7.94,-1.49,3.86,-0.93,15.97,22.88,19.83,21.95,0.00,0.00
2635.01,54.30,53.80,54.11,53.51,1761.76,9.69,7.73,-1.50,3.51,-0.76,15.03,23.49,18.55,22.73,0.00,0.00
2637.09,54.77,54.16,54.58,53.89,1775.62,11.29,7.60,-1.34,3.49,-0.30,14.37,23.92,17.86,23.62,0.00,0.00
2639.54,55.33,54.58,55.14,54.32,1791.81,13.49,7.53,-1.26,3.63,-0.46,13.57,24.41,17.20,23.95,0.00,0.00
2642.28,55.97,55.05,55.76,54.78,1809.66,16.04,7.63,-1.00,3.99,-0.03,12.67,24.96,16.66,24.94,0.00,0.00
2644.38,56.46,55.39,56.25,55.13,1823.39,18.30,7.62,-0.92,3.79,-0.27,11.96,25.38,15.76,25.12,0.00,0.00
2647.40,57.17,55.88,56.96,55.64,1843.36,21.56,7.32,-0.52,3.16,0.41,10.92,25.98,14.08,26.39,0.00,0.00
2649.48,57.66,56.21,57.45,55.98,1856.88,23.91,7.29,-0.15,3.58,0.79,10.20,26.39,13.77,27.18,0.00,0.00
2651.79,58.22,56.57,57.99,56.36,1871.82,26.70,7.23,0.25,3.50,0.99,9.37,26.83,12.87,27.82,0.00,0.00
2653.94,58.73,56.89,58.50,56.69,1885.64,29.53,7.21,0.55,3.54,0.99,8.60,27.25,12.14,28.24,0.00,0.00
2656.66,59.39,57.30,59.14,57.10,1902.80,33.42,7.36,0.86,3.97,1.00,7.60,27.77,11.56,28.77,0.00,0.00
2659.39,60.05,57.68,59.79,57.50,1919.98,37.44,7.39,1.31,3.76,1.47,6.58,28.28,10.34,29.75,0.00,0.00
2661.44,60.55,57.97,60.26,57.79,1932.53,40.50,7.74,1.79,4.70,2.07,5.80,28.67,10.50,30.74,0.00,0.00
2664.17,61.22,58.34,60.90,58.16,1949.16,44.82,8.07,2.38,4.64,2.26,4.74,29.17,9.38,31.44,0.00,0.00
2666.21,61.72,58.61,61.39,58.44,1961.69,48.23,8.15,2.82,4.26,2.49,3.94,29.55,8.20,32.04,0.00,0.00
2668.65,62.32,58.91,61.98,58.76,1976.47,52.65,8.22,3.16,4.25,2.28,2.97,29.99,7.22,32.27,0.00,0.00
2670.75,62.84,59.17,62.49,59.03,1989.33,56.56,8.07,3.51,3.69,2.60,2.12,30.37,5.81,32.97,0.00,0.00
2672.90,63.37,59.43,63.01,59.31,2002.53,60.58,7.72,3.99,3.04,3.12,1.24,30.76,4.28,33.88,0.00,0.00
2675.06,63.91,59.68,63.54,59.59,2015.69,64.71,7.35,4.54,2.81,3.53,0.34,31.14,3.15,34.68,0.00,0.00
2677.76,64.57,59.97,64.19,59.91,2031.45,70.00,7.42,5.31,3.84,4.08,-0.80,31.62,3.04,35.70,0.00,0.00
2680.48,65.25,60.26,64.84,60.21,2047.07,75.87,7.47,5.77,3.84,3.74,-1.97,32.10,1.87,35.84,0.00,0.00
2682.56,65.76,60.47,65.34,60.42,2058.72,80.57,7.61,6.05,4.14,3.70,-2.87,32.46,1.28,36.15,0.00,0.00
2685.32,66.44,60.73,66.01,60.71,2074.40,86.75,7.38,6.71,3.26,4.54,-4.09,32.93,-0.83,37.47,0.00,0.00
2687.41,66.95,60.92,66.52,60.92,2086.18,91.58,7.09,7.19,2.85,4.74,-5.02,33.29,-2.17,38.03,0.00,0.00
2689.86,67.55,61.13,67.10,61.15,2099.61,97.40,6.90,7.75,3.06,5.02,-6.13,33.70,-3.07,38.72,0.00,0.00
2691.99,68.07,61.30,67.62,61.33,2111.01,102.92,6.83,7.94,3.26,4.42,-7.11,34.05,-3.85,38.47,0.00,0.00
2694.74,68.74,61.51,68.28,61.55,2125.40,110.17,6.75,8.23,3.23,4.63,-8.38,34.50,-5.15,39.14,0.00,0.00
2697.49,69.41,61.70,68.94,61.76,2139.71,117.53,6.48,8.65,2.76,5.08,-9.68,34.95,-6.93,40.03,0.00,0.00
2699.74,69.95,61.84,69.48,61.92,2151.18,123.75,6.20,8.93,2.48,5.08,-10.76,35.32,-8.28,40.40,0.00,0.00
2702.10,70.51,61.98,70.04,62.08,2162.95,130.34,5.94,9.32,2.42,5.49,-11.90,35.69,-9.48,41.19,0.00,0.00
2704.25,71.02,62.09,70.55,62.22,2173.48,136.45,5.66,9.70,2.17,5.72,-12.96,36.03,-10.79,41.76,0.00,0.00
2706.99,71.67,62.22,71.19,62.36,2186.33,144.56,5.48,10.00,2.41,5.56,-14.32,36.46,-11.91,42.03,0.00,0.00
2709.75,72.31,62.34,71.84,62.48,2198.88,153.26,5.36,10.01,2.47,5.03,-15.71,36.89,-13.24,41.91,0.00,0.00
2711.89,72.81,62.41,72.34,62.57,2208.53,159.96,5.04,10.18,1.77,5.48,-16.80,37.22,-15.02,42.70,0.00,0.00
2714.32,73.36,62.48,72.90,62.65,2219.07,167.74,4.78,10.34,1.84,5.50,-18.05,37.58,-16.21,43.08,0.00,0.00
2717.36,74.05,62.55,73.60,62.75,2232.17,177.56,4.08,10.66,0.90,5.86,-19.64,38.04,-18.73,43.90,0.00,0.00
2719.60,74.55,62.59,74.10,62.80,2241.09,184.99,3.98,10.87,1.75,5.90,-20.82,38.37,-19.08,44.27,0.00,0.00
2721.94,75.07,62.61,74.62,62.82,2249.92,193.27,4.00,10.67,2.04,4.90,-22.08,38.71,-20.03,43.61,0.00,0.00
2724.76,75.69,62.62,75.23,62.83,2260.05,203.07,4.09,10.78,2.22,5.59,-23.60,39.12,-21.38,44.71,0.00,0.00
2727.15,76.20,62.61,75.75,62.83,2268.56,211.51,3.86,10.89,1.44,5.67,-24.91,39.46,-23.47,45.13,0.00,0.00
2729.61,76.72,62.59,76.28,62.81,2276.99,220.52,3.56,10.83,1.18,5.29,-26.28,39.81,-25.10,45.10,0.00,0.00
2731.77,77.17,62.55,76.73,62.78,2283.80,228.32,3.52,10.94,1.65,5.74,-27.49,40.11,-25.83,45.84,0.00,0.00
2734.52,77.74,62.49,77.31,62.71,2292.20,238.93,3.34,10.63,1.36,4.75,-29.05,40.49,-27.69,45.24,0.00,0.00
2737.16,78.27,62.41,77.84,62.63,2299.47,249.04,3.43,10.52,1.87,5.05,-30.56,40.85,-28.69,45.90,0.00,0.00
2739.29,78.68,62.33,78.26,62.55,2305.07,257.23,3.39,10.49,1.60,5.16,-31.79,41.13,-30.19,46.29,0.00,0.00
2742.06,79.22,62.21,78.80,62.44,2312.13,267.85,3.11,10.68,1.05,5.70,-33.42,41.50,-32.37,47.20,0.00,0.00
2744.84,79.75,62.06,79.34,62.29,2318.43,279.03,2.99,10.47,1.29,4.84,-35.07,41.86,-33.78,46.70,0.00,0.00
2747.04,80.15,61.93,79.75,62.15,2322.96,288.04,2.93,10.21,1.33,4.53,-36.39,42.15,-35.06,46.67,0.00,0.00
2749.43,80.58,61.77,80.17,61.99,2327.18,297.64,3.16,10.28,2.05,5.27,-37.83,42.45,-35.78,47.72,0.00,0.00
2752.21,81.07,61.56,80.66,61.77,2331.51,309.24,3.41,10.02,2.16,4.56,-39.53,42.80,-37.37,47.36,0.00,0.00
2754.52,81.46,61.37,81.05,61.58,2334.87,318.80,3.38,10.01,1.62,4.98,-40.96,43.09,-39.35,48.06,0.00,0.00
2756.89,81.85,61.16,81.44,61.37,2337.81,328.69,3.38,10.01,1.70,4.99,-42.44,43.38,-40.74,48.37,0.00,0.00
2759.69,82.30,60.89,81.90,61.09,2340.82,340.66,3.25,9.88,1.39,4.71,-44.21,43.71,-42.83,48.42,0.00,0.00
2762.10,82.67,60.63,82.27,60.82,2342.49,351.21,3.50,9.60,2.28,4.22,-45.75,44.00,-43.48,48.22,0.00,0.00
2764.63,83.05,60.35,82.65,60.52,2343.68,362.18,3.78,9.50,2.44,4.55,-47.38,44.30,-44.94,48.85,0.00,0.00
2766.77,83.36,60.09,82.95,60.25,2344.30,371.54,3.96,9.43,2.39,4.55,-48.77,44.54,-46.38,49.10,0.00,0.00
2769.52,83.74,59.73,83.33,59.89,2344.51,383.73,4.13,9.27,2.39,4.35,-50.57,44.86,-48.18,49.20,0.00,0.00
2772.29,84.10,59.35,83.69,59.50,2344.05,396.04,4.28,9.22,2.41,4.52,-52.41,45.17,-50.01,49.68,0.00,0.00
2774.53,84.38,59.02,83.97,59.15,2342.87,406.25,4.68,8.97,3.23,3.94,-53.91,45.41,-50.68,49.35,0.00,0.00
2776.84,84.66,58.66,84.24,58.78,2341.33,416.78,4.90,8.82,2.92,4.09,-55.47,45.67,-52.56,49.75,0.00,0.00
2779.66,84.98,58.20,84.56,58.31,2338.87,429.70,5.03,8.66,2.76,4.05,-57.40,45.97,-54.64,50.02,0.00,0.00
2782.06,85.23,57.79,84.82,57.90,2336.30,440.68,4.99,8.64,2.41,4.28,-59.05,46.22,-56.64,50.50,0.00,0.00
2784.58,85.49,57.33,85.08,57.44,2333.07,452.42,4.85,8.49,2.15,3.94,-60.81,46.48,-58.66,50.42,0.00,0.00
2786.68,85.68,56.93,85.28,57.03,2329.62,462.37,4.99,8.25,2.82,3.54,-62.28,46.69,-59.46,50.24,0.00,0.00
2789.47,85.92,56.38,85.52,56.46,2324.21,475.62,5.28,7.97,3.16,3.50,-64.25,46.97,-61.09,50.47,0.00,0.00
2792.24,86.14,55.80,85.74,55.88,2318.35,488.67,5.25,7.89,2.57,3.80,-66.23,47.25,-63.66,51.04,0.00,0.00
2794.48,86.29,55.32,85.90,55.41,2313.29,499.20,4.94,7.90,1.76,3.98,-67.84,47.46,-66.08,51.44,0.00,0.00
2796.79,86.44,54.80,86.06,54.89,2307.42,510.18,4.68,7.85,1.79,3.82,-69.52,47.68,-67.73,51.50,0.00,0.00
2799.67,86.60,54.12,86.22,54.21,2298.79,524.07,4.85,7.68,2.73,3.53,-71.63,47.95,-68.91,51.48,0.00,0.00
2802.06,86.72,53.53,86.34,53.61,2290.95,535.83,4.93,7.41,2.63,3.13,-73.41,48.17,-70.77,51.30,0.00,0.00
2804.59,86.82,52.89,86.44,52.96,2282.09,548.04,4.88,7.35,2.35,3.58,-75.29,48.40,-72.94,51.97,0.00,0.00
2806.73,86.88,52.32,86.51,52.40,2274.05,558.37,4.81,7.37,2.24,3.71,-76.90,48.59,-74.66,52.30,0.00,0.00
2809.48,86.95,51.57,86.60,51.67,2263.48,571.68,4.14,7.42,0.85,3.80,-78.99,48.82,-78.14,52.62,0.00,0.00
2812.23,86.99,50.79,86.64,50.89,2251.28,585.22,4.21,7.28,2.24,3.39,-81.09,49.06,-78.85,52.45,0.00,0.00
2814.46,87.00,50.14,86.67,50.23,2241.07,596.56,3.88,6.90,1.20,2.59,-82.82,49.24,-81.61,51.83,0.00,0.00
2816.79,87.00,50.00,86.67,49.53,2229.55,608.07,13.17,-2.37,26.54,-21.11,10.75,-44.34,37.28,-65.45,0.00,0.00
2819.88,86.98,49.09,86.66,48.57,2213.69,623.45,13.88,-3.15,8.09,-2.83,10.67,-44.92,18.76,-47.75,0.00,0.00
2822.18,86.95,48.44,86.62,47.92,2202.42,633.63,13.94,-3.23,7.10,-1.78,10.62,-45.34,17.73,-47.12,0.00,0.00
2824.47,86.90,47.81,86.62,47.40,2193.83,642.04,11.39,-2.20,0.13,1.13,10.58,-45.74,10.71,-44.60,0.00,0.00
2827.27,86.81,47.07,86.57,46.64,2180.62,653.66,11.07,-3.16,4.98,-3.29,10.53,-46.21,15.50,-49.50,0.00,0.00
2829.60,86.72,46.48,86.48,45.93,2167.66,663.86,12.82,-5.16,10.16,-6.87,10.49,-46.58,20.65,-53.45,0.00,0.00
2831.92,86.61,45.91,86.41,45.25,2155.31,673.75,14.03,-7.50,9.61,-8.77,10.46,-46.94,20.07,-55.71,0.00,0.00
2834.74,86.45,45.24,86.30,44.52,2141.62,683.92,14.30,-9.34,7.63,-7.95,10.42,-47.36,18.05,-55.31,0.00,0.00
2837.02,86.31,44.73,86.20,44.02,2131.84,690.51,13.25,-9.83,4.34,-5.98,10.39,-47.68,14.73,-53.67,0.00,0.00
2839.40,86.14,44.21,86.11,43.51,2121.89,697.50,12.01,-11.08,3.38,-8.16,10.37,-48.01,13.75,-56.17,0.00,0.00
2842.53,85.90,43.56,85.94,42.76,2106.84,706.97,12.38,-13.91,6.79,-11.48,10.34,-48.41,17.13,-59.89,0.00,0.00
2844.76,85.70,43.12,85.82,42.25,2096.60,713.28,12.27,-16.14,5.89,-13.09,10.33,-48.68,16.22,-61.77,0.00,0.00
2847.53,85.45,42.60,85.67,41.69,2085.00,719.91,11.07,-18.43,3.36,-13.34,10.31,-49.00,13.67,-62.34,0.00,0.00
2850.37,85.16,42.09,85.49,41.21,2074.01,724.88,9.03,-19.76,0.92,-12.23,10.31,-49.30,11.23,-61.53,0.00,0.00
2852.50,84.93,41.72,85.33,40.85,2065.59,728.22,7.73,-20.91,0.83,-13.15,10.30,-49.52,11.13,-62.67,0.00,0.00
2855.26,84.62,41.28,85.12,40.38,2054.43,732.52,6.45,-23.06,0.91,-15.44,10.30,-49.77,11.21,-65.22,0.00,0.00
2857.89,84.30,40.87,84.92,39.92,2043.71,736.66,5.37,-25.83,0.62,-18.16,10.31,-50.00,10.93,-68.16,0.00,0.00
2860.85,83.92,40.45,84.66,39.48,2032.26,739.67,3.69,-28.10,-1.00,-17.89,10.32,-50.24,9.32,-68.13,0.00,0.00
2863.30,83.59,40.12,84.43,39.17,2023.30,740.96,1.88,-29.41,-2.76,-17.38,10.34,-50.42,7.58,-67.80,0.00,0.00
2865.78,83.24,39.81,84.17,38.88,2014.24,741.45,0.10,-30.48,-3.54,-17.38,10.36,-50.58,6.82,-67.97,0.00,0.00
2868.69,82.81,39.47,83.85,38.55,2003.59,741.56,-1.83,-31.98,-4.22,-18.58,10.38,-50.75,6.16,-69.33,0.00,0.00
2871.04,82.46,39.21,83.57,38.28,1994.62,741.34,-2.90,-33.44,-3.72,-19.83,10.41,-50.88,6.68,-70.70,0.00,0.00
2873.82,82.02,38.93,83.22,38.00,1984.47,740.28,-4.52,-35.00,-5.18,-20.30,10.44,-51.00,5.27,-71.30,0.00,0.00
2876.61,81.56,38.68,82.85,37.77,1974.56,738.00,-6.31,-36.00,-6.37,-19.80,10.48,-51.11,4.12,-70.91,0.00,0.00
2878.85,81.18,38.49,82.53,37.62,1966.83,735.14,-7.87,-36.26,-7.41,-18.71,10.52,-51.18,3.11,-69.89,0.00,0.00
2881.61,80.70,38.28,82.09,37.45,1957.01,730.77,-9.34,-36.29,-7.34,-18.19,10.57,-51.25,3.23,-69.44,0.00,0.00
2884.39,80.20,38.09,81.63,37.28,1946.57,725.91,-10.17,-36.50,-6.57,-18.62,10.62,-51.30,4.05,-69.92,0.00,0.00
2887.42,79.64,37.91,81.10,37.13,1935.38,719.89,-11.06,-36.67,-6.99,-18.62,10.69,-51.33,3.70,-69.95,0.00,0.00
2889.86,79.18,37.78,80.65,37.02,1926.33,714.13,-11.61,-36.42,-6.95,-17.70,10.75,-51.33,3.80,-69.04,0.00,0.00
2892.29,78.71,37.67,80.17,36.98,1917.81,707.10,-12.54,-35.32,-8.17,-15.39,10.81,-51.33,2.64,-66.71,0.00,0.00
2895.11,78.15,37.57,79.59,36.96,1907.92,697.92,-13.47,-33.56,-8.39,-13.67,10.88,-51.30,2.49,-64.96,0.00,0.00
2897.38,77.70,37.50,79.11,36.92,1899.50,690.69,-13.65,-32.73,-7.22,-14.54,10.95,-51.26,3.73,-65.79,0.00,0.00
2900.16,77.13,37.44,78.51,36.90,1889.29,681.31,-13.80,-31.67,-7.18,-13.93,11.03,-51.19,3.85,-65.13,0.00,0.00
2902.94,76.54,37.40,77.90,36.91,1879.35,671.02,-14.07,-30.24,-7.52,-12.54,11.12,-51.10,3.60,-63.64,0.00,0.00
2905.86,75.92,37.38,77.22,36.98,1869.49,658.70,-14.74,-27.77,-8.52,-9.65,11.22,-50.99,2.70,-60.64,0.00,0.00
2908.29,75.40,37.38,76.64,37.06,1861.23,647.97,-15.08,-25.64,-8.23,-8.44,11.31,-50.88,3.08,-59.32,0.00,0.00
2910.63,74.88,37.39,76.07,37.12,1853.03,637.67,-15.06,-23.99,-7.48,-8.47,11.39,-50.76,3.91,-59.23,0.00,0.00
2913.41,74.26,37.43,75.38,37.20,1843.01,624.95,-14.59,-21.99,-6.45,-7.41,11.50,-50.59,5.05,-58.00,0.00,0.00
2915.69,73.75,37.47,74.81,37.30,1835.21,613.98,-14.47,-20.16,-6.98,-6.06,11.60,-50.44,4.61,-56.51,0.00,0.00
2918.47,73.12,37.55,74.10,37.45,1826.16,599.88,-14.61,-17.59,-7.56,-4.17,11.71,-50.24,4.16,-54.41,0.00,0.00
2921.32,72.46,37.64,73.35,37.63,1816.84,584.71,-14.50,-14.68,-7.06,-2.23,11.84,-50.02,4.78,-52.24,0.00,0.00
2923.47,71.96,37.72,72.79,37.78,1810.05,573.22,-14.55,-12.75,-7.37,-1.90,11.94,-49.83,4.57,-51.73,0.00,0.00
2926.25,71.31,37.85,72.06,37.95,1800.89,558.30,-14.02,-10.53,-6.07,-1.27,12.07,-49.57,6.00,-50.85,0.00,0.00
2928.85,70.69,37.98,71.36,38.14,1792.63,543.80,-13.67,-8.28,-6.15,0.19,12.20,-49.31,6.05,-49.12,0.00,0.00
2931.75,70.00,38.15,70.59,38.39,1784.01,527.15,-13.67,-5.70,-6.84,1.60,12.35,-49.00,5.51,-47.40,0.00,0.00
2934.13,69.43,38.30,69.96,38.60,1777.22,513.28,-13.77,-3.66,-7.09,2.46,12.47,-48.73,5.38,-46.27,0.00,0.00
2936.57,68.84,38.46,69.31,38.83,1770.28,498.93,-13.75,-1.75,-6.84,3.02,12.61,-48.44,5.77,-45.42,0.00,0.00
2939.48,68.13,38.68,68.54,39.10,1762.02,481.88,-13.49,0.19,-6.30,3.44,12.77,-48.07,6.47,-44.63,0.00,0.00
2941.83,67.56,38.87,67.91,39.33,1755.45,467.93,-13.22,1.66,-6.03,3.96,12.90,-47.75,6.88,-43.79,0.00,0.00
2944.27,66.96,39.08,67.26,39.59,1749.14,453.10,-13.29,3.28,-6.79,4.96,13.05,-47.41,6.26,-42.45,0.00,0.00
2947.15,66.25,39.34,66.50,39.92,1742.02,435.17,-13.46,5.35,-7.02,6.26,13.23,-46.99,6.20,-40.73,0.00,0.00
2949.55,65.66,39.57,65.87,40.20,1736.36,420.16,-13.67,6.90,-7.29,6.68,13.38,-46.62,6.09,-39.93,0.00,0.00
2952.04,65.05,39.82,65.22,40.49,1730.45,404.76,-13.69,8.11,-6.88,6.49,13.54,-46.21,6.66,-39.72,0.00,0.00
2954.20,64.51,40.05,64.66,40.75,1725.52,391.49,-13.76,8.91,-7.03,6.29,13.68,-45.85,6.65,-39.56,0.00,0.00
2956.95,63.83,40.36,63.95,41.08,1719.39,374.37,-13.77,9.92,-6.90,6.81,13.87,-45.38,6.97,-38.57,0.00,0.00
2959.50,63.20,40.65,63.31,41.42,1714.47,358.20,-14.32,10.96,-8.25,7.53,14.05,-44.92,5.79,-37.39,0.00,0.00
2961.66,62.67,40.91,62.76,41.72,1710.45,344.49,-14.79,11.68,-8.48,7.49,14.20,-44.51,5.72,-37.03,0.00,0.00
2964.44,61.98,41.26,62.07,42.10,1705.31,326.95,-15.19,12.33,-8.32,7.34,14.40,-43.98,6.08,-36.63,0.00,0.00
2967.04,61.34,41.60,61.43,42.45,1700.54,310.63,-15.39,12.66,-8.08,6.96,14.60,-43.45,6.52,-36.50,0.00,0.00
2969.20,60.81,41.88,60.90,42.76,1696.87,296.89,-15.67,12.98,-8.49,7.25,14.76,-43.01,6.27,-35.76,0.00,0.00
2971.98,60.13,42.27,60.23,43.16,1692.52,279.43,-16.17,13.06,-8.99,6.67,14.98,-42.41,5.99,-35.75,0.00,0.00
2974.53,59.52,42.63,59.62,43.54,1688.81,263.23,-16.67,13.18,-9.31,6.83,15.18,-41.85,5.87,-35.02,0.00,0.00
2977.54,58.79,43.07,58.91,43.99,1684.59,244.29,-17.15,12.94,-9.37,6.07,15.43,-41.17,6.06,-35.10,0.00,0.00
2979.96,58.20,43.44,58.35,44.35,1681.29,229.13,-17.39,12.61,-9.19,5.63,15.63,-40.60,6.44,-34.97,0.00,0.00
2982.45,57.61,43.82,57.78,44.74,1678.26,213.40,-17.79,12.28,-9.69,5.46,15.84,-40.00,6.15,-34.54,0.00,0.00
2985.43,56.90,44.30,57.10,45.22,1675.05,194.57,-18.39,11.79,-10.20,5.08,16.10,-39.26,5.90,-34.18,0.00,0.00
2987.83,56.34,44.69,56.56,45.60,1672.46,179.41,-18.63,11.32,-9.81,4.68,16.31,-38.65,6.50,-33.97,0.00,0.00
2990.27,55.77,45.09,56.02,45.99,1670.06,164.20,-18.90,10.54,-10.01,3.66,16.53,-38.01,6.52,-34.35,0.00,0.00
2993.02,55.13,45.56,55.42,46.44,1667.47,147.00,-19.05,9.68,-9.79,3.27,16.78,-37.27,6.99,-34.00,0.00,0.00
2995.37,54.60,45.97,54.91,46.83,1665.56,132.25,-19.24,9.00,-10.03,3.07,17.00,-36.63,6.97,-33.56,0.00,0.00
2997.78,54.05,46.40,54.39,47.24,1663.76,117.16,-19.39,8.17,-10.01,2.37,17.23,-35.95,7.22,-33.58,0.00,0.00
3000.54,53.44,46.89,53.81,47.71,1661.96,99.93,-19.54,7.19,-10.05,1.82,17.50,-35.15,7.45,-33.33,0.00,0.00
3002.89,52.92,47.32,53.32,48.12,1660.55,85.10,-19.57,6.46,-9.85,1.67,17.73,-34.46,7.88,-32.79,0.00,0.00
3005.27,52.40,47.77,52.82,48.53,1659.19,70.25,-19.44,5.61,-9.44,1.02,17.97,-33.74,8.53,-32.72,0.00,0.00
3008.08,51.80,48.30,52.25,49.03,1657.91,52.78,-19.33,4.50,-9.46,0.29,18.25,-32.87,8.79,-32.59,0.00,0.00
3010.48,51.29,48.76,51.76,49.46,1657.03,37.68,-19.19,3.80,-9.30,0.43,18.50,-32.12,9.20,-31.69,0.00,0.00
3013.04,50.76,49.26,51.25,49.93,1656.29,21.64,-18.97,3.00,-9.07,-0.07,18.77,-31.30,9.71,-31.37,0.00,0.00
3015.18,50.32,49.68,50.83,50.33,1656.05,8.26,-18.97,2.26,-9.48,-0.58,19.00,-30.59,9.52,-31.18,0.00,0.00
3017.94,50.00,50.00,50.31,50.83,1655.72,-8.57,-18.69,8.57,-8.85,15.72,-19.96,-22.31,-28.81,-6.59,0.00,0.00
3020.58,49.47,50.52,49.81,51.33,1655.67,-24.96,-18.80,7.63,-9.61,2.04,-20.53,-21.61,-30.14,-19.58,0.00,0.00
3022.74,49.02,50.95,49.41,51.72,1655.45,-37.86,-18.93,6.34,-9.77,0.18,-20.99,-21.03,-30.76,-20.85,0.00,0.00
3025.55,48.43,51.49,48.82,52.15,1652.95,-54.56,-17.19,4.47,-5.49,-1.09,-21.58,-20.25,-27.07,-21.34,0.00,0.00
3028.05,47.90,51.97,48.31,52.57,1651.43,-69.81,-16.63,3.16,-7.20,-1.03,-22.10,-19.54,-29.31,-20.57,0.00,0.00
3030.83,47.29,52.49,47.76,53.07,1650.60,-87.06,-17.18,1.94,-9.57,-1.24,-22.68,-18.72,-32.25,-19.96,0.00,0.00
3033.15,46.78,52.92,47.29,53.49,1649.78,-101.49,-17.76,0.97,-10.14,-1.61,-23.16,-18.03,-33.29,-19.64,0.00,0.00
3035.96,46.15,53.43,46.72,53.97,1648.40,-118.72,-18.36,-0.44,-10.25,-2.73,-23.73,-17.17,-33.98,-19.90,0.00,0.00
3038.78,45.50,53.93,46.13,54.42,1646.03,-135.79,-18.30,-2.09,-9.05,-3.97,-24.30,-16.29,-33.34,-20.25,0.00,0.00
3041.61,44.85,54.42,45.50,54.87,1643.02,-153.30,-17.94,-3.37,-8.33,-3.94,-24.86,-15.37,-33.19,-19.31,0.00,0.00
3043.96,44.30,54.82,44.97,55.24,1640.47,-168.05,-17.83,-4.20,-8.69,-3.87,-25.32,-14.60,-34.01,-18.47,0.00,0.00
3046.76,43.64,55.29,44.35,55.68,1637.37,-185.49,-17.92,-5.25,-9.12,-4.50,-25.87,-13.66,-34.99,-18.16,0.00,0.00
3049.51,42.98,55.74,43.71,56.07,1633.37,-202.32,-17.34,-6.48,-7.61,-5.48,-26.40,-12.72,-34.01,-18.19,0.00,0.00
3052.36,42.29,56.19,43.04,56.46,1628.87,-219.73,-16.69,-7.79,-7.22,-6.19,-26.95,-11.72,-34.16,-17.90,0.00,0.00
3054.71,41.72,56.55,42.48,56.78,1624.98,-234.16,-16.20,-8.65,-7.06,-6.15,-27.39,-10.88,-34.44,-17.03,0.00,0.00
3057.51,41.03,56.98,41.80,57.17,1620.19,-251.59,-15.74,-9.38,-7.03,-6.00,-27.91,-9.86,-34.95,-15.85,0.00,0.00
3060.27,40.35,57.38,41.13,57.55,1615.40,-268.75,-15.49,-10.00,-7.30,-6.13,-28.42,-8.83,-35.72,-14.96,0.00,0.00
3063.16,39.64,57.79,40.41,57.91,1609.42,-286.46,-14.55,-10.74,-5.65,-6.64,-28.95,-7.73,-34.61,-14.37,0.00,0.00
3065.56,39.04,58.12,39.80,58.19,1603.99,-301.03,-13.54,-11.39,-4.67,-7.07,-29.39,-6.80,-34.06,-13.87,0.00,0.00
3068.37,38.33,58.49,39.07,58.51,1597.47,-318.21,-12.44,-11.86,-4.26,-6.76,-29.89,-5.69,-34.15,-12.45,0.00,0.00
3071.17,37.63,58.85,38.34,58.83,1590.83,-335.43,-11.48,-12.05,-4.02,-6.35,-30.38,-4.56,-34.41,-10.92,0.00,0.00
3074.23,36.85,59.23,37.54,59.18,1583.36,-354.20,-10.52,-12.09,-3.68,-6.12,-30.92,-3.31,-34.60,-9.43,0.00,0.00
3076.57,36.26,59.50,36.93,59.42,1577.32,-368.26,-9.65,-12.21,-2.97,-6.36,-31.32,-2.33,-34.29,-8.70,0.00,0.00
3079.35,35.56,59.82,36.20,59.70,1569.82,-384.68,-8.55,-12.48,-2.30,-6.71,-31.79,-1.15,-34.09,-7.87,0.00,0.00
3082.17,34.84,60.12,35.45,59.96,1561.89,-401.18,-7.36,-12.67,-1.58,-6.67,-32.27,0.07,-33.85,-6.61,0.00,0.00
3084.34,34.29,60.34,34.87,60.16,1555.65,-413.99,-6.48,-12.52,-1.22,-5.92,-32.63,1.02,-33.85,-4.90,0.00,0.00
3087.15,33.58,60.62,34.11,60.41,1547.37,-430.44,-5.35,-12.21,-0.67,-5.55,-33.09,2.28,-33.76,-3.28,0.00,0.00
3089.73,32.93,60.86,33.43,60.63,1539.74,-445.21,-4.49,-11.97,-0.56,-5.52,-33.51,3.44,-34.07,-2.08,0.00,0.00
3092.54,32.22,61.10,32.69,60.83,1530.91,-460.74,-3.28,-12.05,0.50,-6.17,-33.96,4.74,-33.47,-1.43,0.00,0.00
3094.89,31.63,61.29,32.07,61.00,1523.59,-473.58,-2.50,-11.98,0.43,-5.84,-34.34,5.84,-33.91,-0.01,0.00,0.00
3097.25,31.04,61.47,31.45,61.16,1516.06,-486.34,-1.69,-11.83,0.85,-5.59,-34.71,6.95,-33.85,1.36,0.00,0.00
3100.34,30.27,61.69,30.64,61.36,1506.15,-502.93,-0.86,-11.42,0.92,-5.05,-35.19,8.44,-34.26,3.40,0.00,0.00
3102.59,29.71,61.83,30.06,61.50,1498.85,-514.67,-0.32,-11.15,1.05,-4.99,-35.53,9.54,-34.48,4.55,0.00,0.00
3104.98,29.12,61.97,29.45,61.61,1490.68,-526.62,0.50,-11.19,1.94,-5.66,-35.89,10.73,-33.95,5.07,0.00,0.00
3107.94,28.40,62.13,28.70,61.75,1480.70,-541.03,1.18,-11.16,1.75,-5.54,-36.33,12.22,-34.58,6.67,0.00,0.00
3110.18,27.85,62.23,28.14,61.85,1473.06,-551.82,1.63,-10.99,1.81,-5.12,-36.66,13.36,-34.85,8.24,0.00,0.00
3112.60,27.27,62.33,27.53,61.93,1464.60,-563.18,2.18,-10.79,2.23,-4.98,-37.01,14.60,-34.78,9.63,0.00,0.00
3115.56,26.56,62.43,26.81,62.04,1454.45,-576.63,2.43,-10.59,1.65,-4.96,-37.43,16.15,-35.79,11.20,0.00,0.00
3117.79,26.04,62.50,26.28,62.09,1446.56,-586.27,2.72,-10.60,2.01,-5.32,-37.75,17.34,-35.74,12.02,0.00,0.00
3120.23,25.46,62.55,25.70,62.14,1437.81,-596.54,3.01,-10.58,2.09,-5.25,-38.09,18.65,-36.00,13.40,0.00,0.00
3123.16,24.79,62.60,25.01,62.18,1427.46,-608.49,3.04,-10.43,1.57,-4.96,-38.49,20.24,-36.92,15.28,0.00,0.00
3125.33,24.29,62.62,24.51,62.21,1419.62,-617.01,3.08,-10.35,1.62,-4.99,-38.79,21.44,-37.17,16.45,0.00,0.00
3128.10,23.67,62.62,23.90,62.22,1409.73,-627.25,2.88,-10.42,1.08,-5.34,-39.16,22.98,-38.08,17.64,0.00,0.00
3130.85,23.06,62.61,23.29,62.20,1399.60,-637.01,2.80,-10.44,1.26,-5.25,-39.52,24.54,-38.26,19.29,0.00,0.00
3133.00,22.59,62.58,22.83,62.17,1391.52,-644.11,2.81,-10.61,1.45,-5.70,-39.80,25.77,-38.35,20.07,0.00,0.00
3135.80,21.99,62.53,22.24,62.13,1381.15,-652.98,2.51,-10.74,0.71,-5.61,-40.15,27.39,-39.44,21.78,0.00,0.00
3138.39,21.44,62.47,21.70,62.07,1371.35,-660.92,2.25,-10.68,0.63,-5.23,-40.48,28.91,-39.85,23.67,0.00,0.00
3141.38,20.82,62.37,21.10,61.99,1360.32,-669.33,1.54,-10.74,-0.43,-5.46,-40.85,30.68,-41.28,25.22,0.00,0.00
3143.82,20.33,62.27,20.63,61.90,1350.93,-675.64,1.22,-10.84,-0.03,-5.64,-41.14,32.15,-41.18,26.51,0.00,0.00
3146.22,19.86,62.15,20.17,61.80,1341.81,-681.46,0.66,-10.91,-0.83,-5.59,-41.43,33.61,-42.26,28.01,0.00,0.00
3149.10,19.30,61.99,19.63,61.65,1330.61,-687.88,0.11,-10.98,-0.90,-5.60,-41.77,35.38,-42.67,29.78,0.00,0.00
3151.37,18.87,61.85,19.23,61.52,1321.78,-692.34,-0.40,-11.15,-1.34,-5.97,-42.03,36.79,-43.38,30.82,0.00,0.00
3154.14,18.36,61.65,18.74,61.34,1310.90,-697.46,-1.11,-11.15,-1.82,-5.58,-42.35,38.53,-44.17,32.96,0.00,0.00
3157.00,17.85,61.42,18.25,61.14,1299.63,-702.18,-1.91,-11.04,-2.36,-5.33,-42.67,40.35,-45.02,35.03,0.00,0.00
3159.16,17.48,61.23,17.89,60.96,1290.95,-705.06,-2.44,-11.19,-2.45,-5.95,-42.91,41.74,-45.36,35.80,0.00,0.00
3161.96,17.01,60.96,17.44,60.70,1279.24,-708.13,-2.80,-11.45,-2.05,-6.19,-43.21,43.57,-45.26,37.38,0.00,0.00
3164.42,16.61,60.71,17.07,60.46,1269.26,-710.22,-3.52,-11.72,-3.22,-6.42,-43.47,45.18,-46.68,38.77,0.00,0.00
3167.23,16.17,60.40,16.67,60.17,1257.86,-712.18,-4.46,-11.81,-3.90,-6.05,-43.76,47.05,-47.66,41.00,0.00,0.00
3169.51,15.83,60.12,16.36,59.92,1248.74,-713.21,-5.42,-11.89,-4.81,-6.14,-43.99,48.58,-48.80,42.44,0.00,0.00
3172.29,15.43,59.77,15.98,59.59,1237.09,-713.76,-6.17,-12.06,-4.44,-6.33,-44.27,50.46,-48.71,44.14,0.00,0.00
3175.09,15.04,59.38,15.63,59.21,1225.25,-713.45,-6.93,-12.35,-4.83,-6.69,-44.54,52.39,-49.38,45.70,0.00,0.00
3178.07,14.66,58.94,15.27,58.79,1212.40,-712.31,-7.60,-12.64,-4.92,-6.81,-44.83,54.45,-49.74,47.64,0.00,0.00
3180.50,14.36,58.56,15.00,58.43,1202.05,-710.90,-8.36,-12.71,-5.74,-6.49,-45.06,56.16,-50.80,49.67,0.00,0.00
3182.86,14.08,58.17,14.75,58.06,1191.90,-708.90,-9.11,-12.83,-6.14,-6.68,-45.27,57.83,-51.41,51.16,0.00,0.00
3185.67,13.78,57.68,14.47,57.59,1179.70,-705.98,-9.93,-12.78,-6.44,-6.31,-45.53,59.84,-51.97,53.53,0.00,0.00
3187.93,13.54,57.27,14.25,57.20,1169.53,-703.13,-10.30,-12.66,-5.96,-6.05,-45.73,61.47,-51.68,55.42,0.00,0.00
3190.73,13.28,56.73,13.99,56.68,1156.96,-698.93,-10.83,-12.42,-6.38,-5.79,-45.97,63.51,-52.34,57.72,0.00,0.00
3193.43,13.05,56.19,13.76,56.16,1144.68,-694.18,-11.29,-12.09,-6.48,-5.43,-46.19,65.50,-52.67,60.06,0.00,0.00
3196.26,12.82,55.59,13.53,55.58,1131.36,-688.36,-11.44,-11.72,-5.98,-5.20,-46.43,67.61,-52.41,62.41,0.00,0.00
3198.61,12.66,55.07,13.36,55.08,1120.51,-682.93,-11.77,-11.35,-6.60,-4.88,-46.61,69.37,-53.21,64.49,0.00,0.00
3201.41,12.49,54.43,13.19,54.46,1107.43,-675.73,-12.08,-10.84,-6.60,-4.51,-46.83,71.49,-53.43,66.98,0.00,0.00
3204.28,12.33,53.73,13.01,53.80,1093.72,-667.71,-12.21,-9.99,-6.33,-3.51,-47.05,73.69,-53.38,70.18,0.00,0.00
3207.27,12.21,52.98,12.87,53.07,1079.42,-657.97,-12.40,-9.45,-6.50,-3.83,-47.27,76.01,-53.77,72.18,0.00,0.00
3209.71,12.12,52.34,12.77,52.46,1067.79,-649.69,-12.57,-8.62,-6.65,-2.60,-47.44,77.91,-54.09,75.30,0.00,0.00
3212.07,12.06,51.69,12.70,51.84,1056.48,-640.74,-12.79,-8.00,-6.86,-2.69,-47.61,79.77,-54.47,77.08,0.00,0.00
3214.91,12.02,50.89,12.63,51.07,1042.74,-629.32,-12.90,-7.09,-6.64,-1.93,-47.80,82.02,-54.44,80.09,0.00,0.00
3217.14,12.00,50.24,12.59,50.44,1031.76,-619.58,-12.89,-6.36,-6.42,-1.56,-47.95,83.82,-54.36,82.25,0.00,0.00
3219.92,12.00,50.00,12.57,49.63,1018.16,-606.67,-3.20,-15.40,15.83,-23.98,45.60,-9.48,61.43,-33.46,0.00,0.00
3222.61,12.01,49.21,12.57,48.81,1004.69,-593.28,-2.50,-15.58,0.05,-8.11,46.08,-9.41,46.12,-17.52,0.00,0.00
3225.48,12.06,48.39,12.63,48.06,993.50,-580.14,-3.92,-14.71,-4.43,-5.84,46.56,-9.34,42.14,-15.19,0.00,0.00
3227.89,12.12,47.73,12.71,47.52,985.90,-569.86,-6.16,-13.22,-7.71,-3.53,46.95,-9.29,39.24,-12.83,0.00,0.00
3230.32,12.19,47.09,12.77,46.87,976.28,-558.17,-5.71,-13.13,-1.93,-6.37,47.33,-9.25,45.40,-15.62,0.00,0.00
3233.16,12.31,46.37,12.81,46.04,963.34,-543.89,-2.61,-13.69,4.17,-7.83,47.76,-9.20,51.92,-17.03,0.00,0.00
3235.51,12.43,45.80,12.88,45.38,953.76,-531.91,-0.48,-14.32,4.28,-8.49,48.09,-9.17,52.37,-17.66,0.00,0.00
3237.80,12.57,45.26,12.97,44.82,945.91,-521.41,0.72,-13.82,2.98,-5.81,48.40,-9.14,51.39,-14.95,0.00,0.00
3240.60,12.75,44.63,13.09,44.22,938.24,-509.63,1.10,-12.23,1.22,-3.29,48.76,-9.11,49.99,-12.39,0.00,0.00
3242.93,12.92,44.13,13.20,43.73,931.94,-499.83,2.00,-10.95,2.93,-2.73,49.05,-9.09,51.98,-11.82,0.00,0.00
3245.23,13.11,43.65,13.30,43.20,924.93,-489.40,4.25,-10.50,7.02,-4.25,49.32,-9.07,56.34,-13.32,0.00,0.00
3248.35,13.39,43.03,13.46,42.51,916.20,-475.47,7.44,-9.73,8.83,-3.63,49.66,-9.05,58.48,-12.69,0.00,0.00
3250.67,13.62,42.59,13.61,42.08,911.59,-466.06,8.62,-8.28,6.85,-1.03,49.89,-9.05,56.74,-10.08,0.00,0.00
3253.08,13.87,42.16,13.78,41.68,907.96,-456.79,9.27,-6.35,5.98,0.85,50.12,-9.05,56.11,-8.19,0.00,0.00
3255.20,14.10,41.80,13.94,41.34,904.93,-448.42,10.18,-4.89,7.23,0.98,50.31,-9.05,57.54,-8.07,0.00,0.00
3257.94,14.43,41.35,14.15,40.87,900.67,-437.39,12.38,-3.33,10.21,1.18,50.54,-9.06,60.75,-7.88,0.00,0.00
3260.69,14.77,40.92,14.39,40.40,897.02,-425.79,14.70,-2.35,11.57,0.60,50.75,-9.07,62.32,-8.47,0.00,0.00
3262.84,15.05,40.61,14.59,40.09,895.13,-417.33,16.08,-1.07,11.24,2.45,50.90,-9.08,62.14,-6.63,0.00,0.00
3265.30,15.39,40.27,14.85,39.79,894.39,-408.23,16.79,0.91,9.83,4.49,51.05,-9.10,60.88,-4.62,0.00,0.00
3268.09,15.79,39.91,15.15,39.47,894.01,-398.12,17.81,3.25,10.74,5.83,51.21,-9.13,61.95,-3.31,0.00,0.00
3270.37,16.13,39.63,15.40,39.20,893.77,-389.51,19.12,4.73,12.43,5.61,51.32,-9.16,63.75,-3.55,0.00,0.00
3272.73,16.50,39.37,15.70,38.93,894.32,-380.37,20.17,5.96,12.32,5.58,51.43,-9.20,63.75,-3.62,0.00,0.00
3274.86,16.84,39.14,15.98,38.72,895.33,-372.26,21.05,7.18,12.57,6.44,51.51,-9.23,64.07,-2.79,0.00,0.00
3277.61,17.29,38.87,16.36,38.46,897.40,-361.74,21.99,8.53,12.72,6.72,51.59,-9.28,64.31,-2.56,0.00,0.00
3280.25,17.74,38.63,16.74,38.26,900.45,-352.24,22.44,10.32,12.08,8.55,51.65,-9.33,63.73,-0.79,0.00,0.00
3282.38,18.12,38.46,17.07,38.12,903.53,-344.55,22.64,11.67,11.77,9.00,51.69,-9.38,63.46,-0.38,0.00,0.00
3285.18,18.63,38.25,17.54,37.94,908.12,-334.01,22.90,12.86,11.92,8.55,51.72,-9.45,63.64,-0.90,0.00,0.00
3287.92,19.14,38.06,18.00,37.78,913.17,-323.81,23.23,14.05,12.22,9.21,51.73,-9.52,63.95,-0.31,0.00,0.00
3290.15,19.57,37.93,18.40,37.66,917.76,-315.31,23.45,14.69,12.21,8.77,51.72,-9.58,63.93,-0.81,0.00,0.00
3292.53,20.03,37.80,18.85,37.56,923.35,-306.34,23.42,15.37,11.65,9.11,51.70,-9.65,63.35,-0.55,0.00,0.00
3295.36,20.60,37.68,19.40,37.50,931.45,-296.28,22.50,16.67,9.63,10.63,51.66,-9.74,61.28,0.89,0.00,0.00
3297.68,21.07,37.59,19.87,37.47,938.59,-288.11,21.69,17.68,9.09,11.02,51.60,-9.82,60.69,1.20,0.00,0.00
3300.13,21.58,37.51,20.37,37.42,946.07,-279.01,21.32,18.17,9.92,10.08,51.53,-9.91,61.45,0.17,0.00,0.00
3302.21,22.02,37.46,20.83,37.38,952.88,-270.81,20.88,18.01,9.38,8.63,51.46,-9.99,60.84,-1.36,0.00,0.00
3304.95,22.61,37.41,21.44,37.36,962.54,-260.60,20.05,18.23,8.50,9.50,51.34,-10.10,59.84,-0.59,0.00,0.00
3307.71,23.21,37.39,22.07,37.41,973.68,-250.97,18.33,18.96,6.05,10.81,51.21,-10.21,57.26,0.60,0.00,0.00
3309.84,23.69,37.38,22.57,37.46,982.74,-243.72,16.91,19.61,5.14,11.33,51.09,-10.30,56.23,1.03,0.00,0.00
3312.27,24.23,37.38,23.13,37.51,992.65,-235.28,16.02,20.02,6.19,10.85,50.94,-10.41,57.13,0.44,0.00,0.00
3315.33,24.93,37.41,23.88,37.56,1005.68,-223.97,14.90,19.66,5.61,9.25,50.73,-10.56,56.34,-1.31,0.00,0.00
3317.57,25.45,37.45,24.43,37.62,1015.78,-216.04,13.88,19.63,4.66,9.73,50.56,-10.67,55.23,-0.93,0.00,0.00
3319.91,26.00,37.50,25.02,37.73,1027.19,-207.95,12.26,19.65,2.68,9.86,50.37,-10.79,53.05,-0.92,0.00,0.00
3323.05,26.74,37.59,25.83,37.89,1043.12,-197.42,9.98,19.80,1.35,10.14,50.09,-10.96,51.44,-0.82,0.00,0.00
3325.31,27.28,37.67,26.41,38.01,1054.54,-189.98,8.72,19.88,1.57,10.13,49.87,-11.08,51.44,-0.95,0.00,0.00
3327.66,27.85,37.77,27.01,38.13,1066.28,-182.04,7.81,19.63,1.99,9.27,49.63,-11.22,51.62,-1.95,0.00,0.00
3330.56,28.55,37.90,27.77,38.30,1081.55,-172.40,6.33,19.28,0.61,9.03,49.31,-11.39,49.93,-2.36,0.00,0.00
3332.91,29.13,38.03,28.40,38.47,1094.62,-164.79,4.76,19.05,-0.95,9.05,49.04,-11.53,48.09,-2.48,0.00,0.00
3335.38,29.73,38.18,29.07,38.66,1108.75,-157.02,2.96,18.84,-2.18,8.98,48.74,-11.69,46.56,-2.71,0.00,0.00
3338.23,30.44,38.36,29.84,38.88,1125.01,-148.03,1.35,18.41,-2.13,8.46,48.37,-11.87,46.23,-3.41,0.00,0.00
3340.64,31.04,38.53,30.49,39.08,1138.88,-140.56,0.08,17.96,-2.60,8.03,48.04,-12.04,45.44,-4.00,0.00,0.00
3343.17,31.68,38.73,31.18,39.28,1153.51,-132.69,-1.02,17.30,-2.69,7.35,47.68,-12.21,44.98,-4.86,0.00,0.00
3345.28,32.21,38.90,31.75,39.48,1166.14,-126.52,-2.13,17.02,-3.68,7.84,47.36,-12.36,43.68,-4.52,0.00,0.00
3348.07,32.91,39.14,32.51,39.76,1183.04,-118.78,-3.58,16.84,-4.39,8.09,46.92,-12.57,42.53,-4.47,0.00,0.00
3350.62,33.56,39.37,33.20,40.02,1198.64,-111.77,-4.78,16.54,-4.73,7.69,46.51,-12.76,41.78,-5.07,0.00,0.00
3353.50,34.28,39.65,33.97,40.33,1216.31,-104.13,-5.91,16.23,-4.92,7.57,46.02,-12.98,41.10,-5.41,0.00,0.00
3355.92,34.90,39.90,34.61,40.58,1230.96,-97.73,-6.48,15.78,-4.43,6.97,45.59,-13.17,41.16,-6.20,0.00,0.00
3358.39,35.52,40.17,35.27,40.86,1246.23,-91.43,-7.10,15.39,-4.80,6.91,45.13,-13.37,40.33,-6.47,0.00,0.00
3360.55,36.07,40.41,35.85,41.11,1259.81,-86.22,-7.75,15.18,-5.39,7.10,44.72,-13.55,39.34,-6.45,0.00,0.00
3363.33,36.77,40.74,36.58,41.47,1277.59,-80.00,-8.74,15.15,-6.14,7.53,44.18,-13.79,38.04,-6.26,0.00,0.00
3365.88,37.42,41.05,37.25,41.78,1293.65,-74.22,-9.14,14.85,-5.35,6.84,43.66,-14.01,38.31,-7.17,0.00,0.00
3368.03,37.96,41.32,37.80,42.04,1307.03,-69.48,-9.23,14.54,-4.82,6.54,43.21,-14.20,38.38,-7.66,0.00,0.00
3370.80,38.66,41.68,38.50,42.40,1324.37,-63.83,-9.24,14.39,-4.64,6.92,42.61,-14.45,37.97,-7.53,0.00,0.00
3373.43,39.32,42.03,39.17,42.76,1341.20,-58.75,-9.50,14.27,-5.25,6.91,42.02,-14.70,36.77,-7.78,0.00,0.00
3375.57,39.85,42.33,39.71,43.06,1354.84,-54.87,-9.54,14.24,-4.85,7.06,41.53,-14.90,36.68,-7.84,0.00,0.00
3378.31,40.53,42.72,40.39,43.45,1372.49,-50.14,-9.63,14.23,-4.99,7.09,40.88,-15.16,35.89,-8.08,0.00,0.00
3381.00,41.19,43.12,41.06,43.83,1389.58,-45.33,-9.37,13.78,-4.20,6.05,40.23,-15.43,36.03,-9.38,0.00,0.00
3383.13,41.72,43.44,41.58,44.14,1403.14,-41.92,-9.07,13.64,-3.82,6.51,39.69,-15.64,35.87,-9.13,0.00,0.00
3385.90,42.39,43.87,42.24,44.56,1420.92,-38.03,-8.80,13.74,-3.92,7.05,38.98,-15.93,35.07,-8.88,0.00,0.00
3388.70,43.06,44.32,42.90,45.00,1438.91,-34.28,-8.43,13.73,-3.56,6.84,38.24,-16.22,34.68,-9.38,0.00,0.00
3390.85,43.58,44.67,43.40,45.33,1452.69,-31.60,-8.09,13.72,-3.24,6.83,37.66,-16.45,34.43,-9.62,0.00,0.00
3393.32,44.16,45.08,43.98,45.73,1468.51,-28.70,-7.59,13.67,-2.79,6.74,36.98,-16.72,34.19,-9.98,0.00,0.00
3396.31,44.86,45.59,44.66,46.21,1487.67,-25.40,-6.97,13.51,-2.45,6.48,36.13,-17.05,33.68,-10.57,0.00,0.00
3398.48,45.37,45.97,45.15,46.57,1501.42,-23.27,-6.31,13.43,-1.62,6.55,35.50,-17.29,33.88,-10.75,0.00,0.00
3400.95,45.93,46.40,45.70,46.99,1517.27,-21.09,-5.76,13.36,-1.76,6.54,34.77,-17.58,33.00,-11.03,0.00,0.00
3404.00,46.62,46.95,46.36,47.52,1536.73,-18.96,-4.95,13.49,-1.15,6.96,33.84,-17.93,32.69,-10.97,0.00,0.00
3406.14,47.09,47.35,46.81,47.89,1550.29,-17.62,-4.27,13.51,-0.56,6.80,33.17,-18.19,32.62,-11.38,0.00,0.00
3408.93,47.70,47.86,47.39,48.38,1567.83,-16.11,-3.34,13.48,0.00,6.68,32.29,-18.52,32.29,-11.84,0.00,0.00
3411.74,48.31,48.40,47.97,48.89,1585.51,-15.01,-2.40,13.54,0.47,6.89,31.38,-18.87,31.84,-11.97,0.00,0.00
3413.88,48.76,48.81,48.40,49.27,1598.98,-14.28,-1.70,13.48,0.79,6.60,30.66,-19.13,31.45,-12.54,0.00,0.00
3416.31,49.27,49.28,48.88,49.72,1614.12,-13.89,-0.85,13.60,1.34,7.04,29.85,-19.44,31.18,-12.40,0.00,0.00
3419.22,49.86,49.86,49.44,50.27,1632.23,-13.60,0.22,13.59,1.94,6.78,28.84,-19.81,30.78,-13.03,0.00,0.00
3421.41,50.00,50.00,49.84,50.67,1645.43,-13.49,-8.41,13.49,-23.99,6.52,38.38,-22.86,14.40,-16.34,0.00,0.00
3423.93,50.50,50.51,50.32,51.16,1661.30,-13.67,-7.68,13.53,-2.40,6.85,37.52,-22.70,35.12,-15.85,0.00,0.00
3426.74,51.05,51.09,50.83,51.70,1678.35,-14.19,-6.28,13.60,-0.64,6.93,36.55,-22.52,35.91,-15.60,0.00,0.00
3428.95,51.48,51.55,51.21,52.13,1691.69,-15.01,-5.04,13.83,0.30,7.43,35.77,-22.38,36.07,-14.95,0.00,0.00
3431.38,51.94,52.07,51.63,52.62,1706.56,-16.19,-3.86,14.14,0.48,7.72,34.90,-22.22,35.37,-14.50,0.00,0.00
3434.35,52.50,52.71,52.14,53.21,1724.56,-17.56,-2.28,14.12,1.54,7.02,33.81,-22.02,35.36,-14.99,0.00,0.00
3436.55,52.91,53.19,52.51,53.65,1737.94,-18.63,-1.12,13.95,2.08,6.57,32.99,-21.86,35.07,-15.29,0.00,0.00
3438.94,53.34,53.72,52.91,54.14,1752.46,-20.06,0.18,13.80,2.79,6.59,32.09,-21.69,34.87,-15.10,0.00,0.00
3441.88,53.86,54.38,53.40,54.74,1770.30,-21.91,1.76,13.40,3.58,6.02,30.95,-21.47,34.53,-15.45,0.00,0.00
3444.14,54.26,54.90,53.77,55.22,1784.19,-23.66,2.72,13.21,3.50,6.20,30.07,-21.30,33.57,-15.11,0.00,0.00
3446.46,54.66,55.43,54.15,55.71,1798.43,-25.47,3.75,12.81,4.08,5.54,29.15,-21.12,33.23,-15.58,0.00,0.00
3449.35,55.14,56.10,54.62,56.32,1816.18,-27.86,4.94,12.18,4.53,5.01,27.98,-20.90,32.51,-15.89,0.00,0.00
3451.74,55.54,56.66,55.01,56.84,1831.01,-29.99,5.68,11.59,4.38,4.55,27.00,-20.70,31.37,-16.16,0.00,0.00
3454.21,55.93,57.25,55.40,57.38,1846.33,-32.39,6.45,10.94,4.80,4.15,25.96,-20.50,30.76,-16.36,0.00,0.00
3456.36,56.27,57.76,55.74,57.85,1859.51,-34.52,7.19,10.24,5.30,3.50,25.05,-20.32,30.35,-16.82,0.00,0.00
3459.11,56.70,58.42,56.16,58.45,1876.19,-37.51,8.23,9.36,6.01,3.09,23.87,-20.09,29.89,-16.99,0.00,0.00
3461.77,57.09,59.06,56.56,59.05,1892.56,-40.63,8.82,8.51,5.53,2.64,22.71,-19.85,28.24,-17.21,0.00,0.00
3463.91,57.41,59.57,56.88,59.52,1905.57,-43.29,9.40,7.78,6.06,2.20,21.77,-19.66,27.82,-17.47,0.00,0.00
3466.22,57.73,60.14,57.22,60.05,1919.70,-46.30,9.90,6.95,6.02,1.67,20.73,-19.45,26.75,-17.78,0.00,0.00
3469.09,58.13,60.84,57.63,60.70,1937.01,-50.34,10.53,5.98,6.37,1.30,19.42,-19.19,25.79,-17.89,0.00,0.00
3471.40,58.44,61.40,57.95,61.22,1950.81,-53.64,11.00,5.05,6.53,0.51,18.36,-18.97,24.89,-18.46,0.00,0.00
3473.76,58.74,61.98,58.26,61.77,1964.96,-57.44,11.35,4.34,6.40,0.67,17.26,-18.75,23.65,-18.08,0.00,0.00
3476.57,59.09,62.68,58.63,62.42,1981.53,-61.98,11.85,3.29,6.81,-0.24,15.92,-18.47,22.74,-18.72,0.00,0.00
3478.98,59.38,63.27,58.94,62.97,1995.68,-65.98,12.18,2.27,6.78,-0.98,14.76,-18.24,21.54,-19.22,0.00,0.00
3481.46,59.67,63.89,59.24,63.54,2010.03,-70.44,12.57,1.36,7.07,-1.13,13.55,-17.99,20.62,-19.12,0.00,0.00
3483.62,59.91,64.42,59.50,64.05,2022.55,-74.44,12.68,0.55,6.59,-1.60,12.49,-17.76,19.08,-19.37,0.00,0.00
3486.39,60.20,65.10,59.82,64.71,2038.48,-80.00,12.78,-0.29,6.57,-1.66,11.11,-17.48,17.68,-19.14,0.00,0.00
3489.01,60.46,65.75,60.10,65.32,2053.25,-85.50,12.88,-1.04,6.62,-1.96,9.78,-17.20,16.41,-19.16,0.00,0.00
3491.15,60.67,66.28,60.33,65.82,2065.09,-90.00,13.03,-1.81,6.89,-2.70,8.69,-16.97,15.57,-19.66,0.00,0.00
3493.92,60.92,66.96,60.60,66.46,2080.10,-95.98,13.30,-2.86,7.14,-3.32,7.25,-16.67,14.39,-19.99,0.00,0.00
3496.54,61.14,67.60,60.85,67.09,2094.31,-102.08,13.22,-3.58,6.45,-3.17,5.87,-16.38,12.32,-19.55,0.00,0.00
3498.69,61.32,68.12,61.04,67.60,2105.85,-107.34,13.11,-4.10,6.30,-3.26,4.73,-16.13,11.03,-19.39,0.00,0.00
3501.43,61.52,68.79,61.27,68.25,2120.24,-114.30,12.99,-4.68,6.29,-3.40,3.25,-15.82,9.54,-19.22,0.00,0.00
3504.08,61.70,69.43,61.47,68.87,2133.73,-121.03,12.96,-5.44,6.41,-4.14,1.81,-15.51,8.22,-19.66,0.00,0.00
3506.22,61.84,69.95,61.62,69.38,2144.50,-126.91,12.87,-5.75,6.24,-3.62,0.63,-15.26,6.87,-18.88,0.00,0.00
3508.96,62.00,70.60,61.80,70.01,2157.77,-134.47,12.91,-6.30,6.52,-4.14,-0.89,-14.93,5.62,-19.07,0.00,0.00
3511.69,62.14,71.25,61.96,70.66,2170.93,-142.47,12.68,-6.60,5.93,-3.85,-2.44,-14.60,3.50,-18.45,0.00,0.00
3513.82,62.24,71.75,62.06,71.16,2180.84,-148.82,12.54,-6.81,5.93,-3.92,-3.65,-14.34,2.28,-18.26,0.00,0.00
3516.66,62.35,72.41,62.19,71.81,2193.76,-157.48,12.36,-7.16,5.87,-4.18,-5.29,-13.99,0.58,-18.17,0.00,0.00
3519.34,62.44,73.03,62.29,72.42,2205.25,-165.94,12.45,-7.35,6.40,-4.04,-6.85,-13.65,-0.45,-17.68,0.00,0.00
3521.50,62.50,73.52,62.34,72.91,2214.15,-172.99,12.57,-7.38,6.57,-3.77,-8.12,-13.37,-1.55,-17.14,0.00,0.00
3524.30,62.56,74.15,62.39,73.52,2224.74,-182.20,13.34,-7.58,8.02,-4.14,-9.80,-13.01,-1.77,-17.14,0.00,0.00
3526.90,62.60,74.73,62.42,74.09,2234.61,-190.99,13.56,-7.65,7.21,-3.97,-11.36,-12.66,-4.16,-16.64,0.00,0.00
3529.79,62.62,75.37,62.44,74.74,2245.66,-201.27,13.28,-7.46,6.17,-3.39,-13.13,-12.28,-6.96,-15.67,0.00,0.00
3532.19,62.62,75.89,62.44,75.26,2254.32,-209.88,13.13,-7.33,6.25,-3.39,-14.61,-11.95,-8.35,-15.34,0.00,0.00
3534.53,62.61,76.39,62.44,75.78,2262.62,-218.45,12.81,-7.20,5.72,-3.32,-16.07,-11.63,-10.35,-14.95,0.00,0.00
3537.32,62.57,76.98,62.40,76.38,2271.94,-228.78,12.51,-7.06,5.71,-3.29,-17.83,-11.24,-12.11,-14.53,0.00,0.00
3539.59,62.53,77.45,62.36,76.86,2279.06,-237.24,12.31,-7.00,5.73,-3.35,-19.27,-10.93,-13.54,-14.28,0.00,0.00
3542.37,62.45,78.01,62.30,77.44,2287.61,-247.79,11.78,-6.91,4.94,-3.29,-21.05,-10.53,-16.11,-13.82,0.00,0.00
3545.11,62.36,78.56,62.23,78.01,2295.74,-258.27,11.03,-6.90,4.13,-3.44,-22.83,-10.13,-18.70,-13.58,0.00,0.00
3548.15,62.23,79.14,62.14,78.62,2304.28,-269.89,10.00,-7.06,3.32,-3.80,-24.83,-9.69,-21.51,-13.49,0.00,0.00
3550.56,62.10,79.60,62.04,79.10,2310.59,-279.23,9.18,-7.21,2.88,-3.92,-26.43,-9.33,-23.55,-13.25,0.00,0.00
3552.89,61.97,80.03,61.95,79.56,2316.48,-288.35,8.17,-7.37,1.91,-4.03,-27.99,-8.98,-26.08,-13.01,0.00,0.00
3556.03,61.76,80.60,61.79,80.16,2323.71,-300.65,6.83,-7.72,1.27,-4.40,-30.12,-8.51,-28.84,-12.91,0.00,0.00
3558.29,61.60,81.00,61.66,80.58,2328.47,-309.66,5.82,-7.96,0.69,-4.52,-31.67,-8.16,-30.97,-12.68,0.00,0.00
3560.71,61.40,81.41,61.51,81.01,2333.15,-319.24,4.69,-8.34,-0.00,-4.95,-33.33,-7.79,-33.33,-12.74,0.00,0.00
3563.86,61.12,81.93,61.29,81.58,2338.80,-332.16,2.95,-8.59,-1.29,-4.70,-35.53,-7.29,-36.82,-12.00,0.00,0.00
3566.01,60.91,82.28,61.12,81.95,2342.16,-340.91,1.76,-8.92,-1.89,-5.22,-37.04,-6.95,-38.93,-12.17,0.00,0.00
3568.81,60.61,82.71,60.89,82.41,2345.81,-352.35,0.34,-9.41,-2.37,-5.57,-39.03,-6.50,-41.40,-12.08,0.00,0.00
3571.52,60.30,83.11,60.63,82.84,2348.58,-363.49,-0.94,-9.92,-2.83,-5.92,-40.97,-6.07,-43.80,-11.98,0.00,0.00
3574.51,59.93,83.54,60.32,83.30,2351.04,-376.15,-2.52,-10.32,-3.90,-5.81,-43.15,-5.57,-47.05,-11.38,0.00,0.00
3576.94,59.60,83.86,60.06,83.66,2352.60,-386.37,-3.98,-10.77,-4.99,-6.33,-44.92,-5.17,-49.91,-11.50,0.00,0.00
3579.74,59.21,84.23,59.73,84.05,2353.74,-398.25,-5.69,-11.27,-5.91,-6.52,-46.98,-4.70,-52.89,-11.22,0.00,0.00
3582.53,58.79,84.57,59.37,84.43,2353.92,-410.27,-7.18,-11.77,-6.26,-6.79,-49.07,-4.23,-55.33,-11.02,0.00,0.00
3584.73,58.44,84.82,59.07,84.71,2353.66,-419.83,-8.49,-12.11,-7.22,-6.81,-50.72,-3.85,-57.94,-10.66,0.00,0.00
3587.52,57.97,85.13,58.65,85.04,2352.21,-432.00,-9.73,-12.64,-7.09,-7.26,-52.84,-3.37,-59.93,-10.63,0.00,0.00
3590.05,57.52,85.39,58.25,85.33,2350.34,-443.28,-10.97,-12.92,-7.95,-7.03,-54.77,-2.93,-62.72,-9.95,0.00,0.00
3592.86,56.99,85.65,57.76,85.62,2347.28,-456.09,-12.17,-13.11,-8.20,-6.88,-56.94,-2.43,-65.14,-9.31,0.00,0.00
3595.12,56.55,85.85,57.36,85.85,2344.38,-466.46,-13.27,-13.24,-9.09,-6.92,-58.70,-2.02,-67.79,-8.94,0.00,0.00
3597.92,55.98,86.08,56.84,86.11,2340.08,-479.25,-14.67,-13.50,-9.83,-7.22,-60.89,-1.52,-70.72,-8.75,0.00,0.00
3600.62,55.39,86.27,56.30,86.34,2334.93,-491.77,-15.85,-13.70,-10.10,-7.22,-63.03,-1.03,-73.14,-8.25,0.00,0.00
3603.49,54.75,86.45,55.69,86.54,2328.39,-505.04,-16.87,-14.01,-10.23,-7.53,-65.32,-0.50,-75.56,-8.03,0.00,0.00
3605.82,54.20,86.58,55.16,86.69,2322.15,-516.07,-17.48,-14.09,-10.03,-7.21,-67.20,-0.07,-77.23,-7.28,0.00,0.00
3608.62,53.51,86.72,54.51,86.86,2314.28,-529.48,-18.64,-14.10,-11.40,-7.07,-69.48,0.46,-80.88,-6.61,0.00,0.00
3611.38,52.81,86.83,53.85,86.99,2305.71,-542.50,-19.84,-14.34,-12.10,-7.61,-71.74,0.98,-83.83,-6.63,0.00,0.00
3614.22,52.05,86.91,53.13,87.10,2295.60,-556.08,-20.74,-14.52,-11.96,-7.59,-74.08,1.52,-86.04,-6.06,0.00,0.00
3616.59,51.40,86.96,52.50,87.17,2286.53,-567.55,-21.56,-14.56,-12.51,-7.36,-76.06,1.98,-88.56,-5.38,0.00,0.00
3619.39,50.60,86.99,51.72,87.22,2274.47,-581.09,-22.09,-14.72,-11.99,-7.64,-78.41,2.53,-90.40,-5.11,0.00,0.00
3622.26,50.00,87.00,50.90,87.26,2261.61,-595.17,-18.89,-10.52,-3.87,2.04,-41.11,41.19,-44.98,43.24,0.00,0.00
3625.23,49.12,86.98,49.99,87.25,2246.67,-609.96,-18.53,-9.81,-8.66,-3.70,-40.34,41.54,-49.01,37.84,0.00,0.00
3627.69,48.43,86.95,49.27,87.23,2234.50,-621.50,-18.36,-9.09,-8.82,-3.07,-39.71,41.80,-48.53,38.73,0.00,0.00
3630.12,47.76,86.89,48.57,87.18,2222.32,-632.07,-17.95,-8.46,-8.15,-2.94,-39.08,42.05,-47.23,39.11,0.00,0.00
3633.00,47.00,86.80,47.75,87.09,2207.38,-644.02,-16.98,-7.46,-6.81,-1.99,-38.33,42.33,-45.14,40.33,0.00,0.00
3635.23,46.44,86.71,47.13,87.01,2195.89,-652.72,-16.19,-6.52,-6.32,-1.16,-37.74,42.52,-44.06,41.36,0.00,0.00
3638.00,45.76,86.58,46.37,86.88,2181.37,-663.16,-14.95,-4.98,-5.23,0.30,-37.01,42.75,-42.24,43.05,0.00,0.00
3640.73,45.13,86.42,45.68,86.72,2167.46,-671.92,-14.01,-4.10,-5.28,-0.43,-36.29,42.95,-41.57,42.52,0.00,0.00
3643.72,44.46,86.22,44.94,86.54,2152.34,-680.98,-13.05,-2.75,-4.92,0.87,-35.48,43.15,-40.40,44.02,0.00,0.00
3646.13,43.94,86.05,44.39,86.36,2140.41,-687.04,-12.44,-2.18,-4.97,0.09,-34.83,43.30,-39.80,43.39,0.00,0.00
3648.55,43.45,85.85,43.86,86.17,2128.59,-692.51,-11.91,-1.59,-4.86,0.42,-34.18,43.43,-39.04,43.85,0.00,0.00
3651.35,42.90,85.60,43.27,85.92,2114.79,-698.25,-11.13,-0.74,-4.15,1.14,-33.41,43.56,-37.56,44.70,0.00,0.00
3653.62,42.48,85.38,42.81,85.70,2103.63,-702.09,-10.44,-0.26,-3.72,0.94,-32.79,43.65,-36.50,44.59,0.00,0.00
3656.06,42.05,85.14,42.34,85.44,2091.76,-705.65,-9.75,0.28,-3.47,1.26,-32.11,43.73,-35.58,44.99,0.00,0.00
3658.91,41.57,84.82,41.83,85.11,2078.14,-708.51,-9.07,0.38,-3.33,0.37,-31.32,43.81,-34.65,44.17,0.00,0.00
3661.06,41.22,84.58,41.48,84.86,2068.19,-710.02,-8.80,0.35,-3.76,0.11,-30.72,43.85,-34.48,43.96,0.00,0.00
3663.86,40.80,84.23,41.05,84.50,2055.38,-711.32,-8.54,0.31,-3.81,0.08,-29.93,43.89,-33.73,43.96,0.00,0.00
3666.70,40.40,83.87,40.65,84.13,2042.70,-711.72,-8.43,0.12,-4.02,-0.28,-29.13,43.91,-33.15,43.63,0.00,0.00
3668.83,40.11,83.58,40.37,83.83,2033.18,-711.34,-8.32,-0.20,-3.91,-0.84,-28.52,43.91,-32.42,43.07,0.00,0.00
3671.66,39.76,83.18,40.03,83.39,2020.44,-709.69,-7.91,-1.12,-3.24,-2.19,-27.70,43.89,-30.94,41.70,0.00,0.00
3674.34,39.45,82.79,39.75,82.97,2009.01,-707.54,-8.02,-1.92,-4.20,-2.46,-26.93,43.85,-31.13,41.39,0.00,0.00
3677.25,39.14,82.34,39.47,82.50,1996.64,-704.53,-8.08,-2.73,-4.14,-2.76,-26.09,43.79,-30.23,41.03,0.00,0.00
3679.69,38.89,81.95,39.24,82.10,1986.43,-701.61,-8.17,-3.24,-4.27,-2.67,-25.38,43.72,-29.65,41.05,0.00,0.00
3682.08,38.68,81.56,39.04,81.68,1976.32,-698.05,-8.08,-3.94,-3.86,-3.42,-24.67,43.64,-28.53,40.21,0.00,0.00
3684.96,38.44,81.07,38.83,81.16,1964.26,-692.97,-7.95,-4.93,-3.74,-4.19,-23.82,43.51,-27.56,39.33,0.00,0.00
3687.27,38.26,80.67,38.68,80.72,1954.63,-688.23,-7.73,-5.93,-3.41,-5.13,-23.14,43.40,-26.54,38.28,0.00,0.00
3690.03,38.08,80.17,38.52,80.21,1943.65,-682.38,-7.92,-6.71,-4.30,-4.76,-22.31,43.25,-26.61,38.49,0.00,0.00
3692.87,37.91,79.65,38.38,79.66,1932.44,-675.73,-8.03,-7.54,-4.21,-5.24,-21.46,43.07,-25.67,37.83,0.00,0.00
3695.01,37.80,79.24,38.29,79.24,1924.00,-670.34,-8.05,-8.11,-4.08,-5.37,-20.81,42.92,-24.88,37.55,0.00,0.00
3697.81,37.67,78.70,38.18,78.66,1912.80,-662.65,-7.75,-8.99,-3.33,-6.07,-19.96,42.71,-23.29,36.65,0.00,0.00
3700.39,37.58,78.19,38.11,78.12,1902.64,-655.00,-7.49,-9.85,-3.25,-6.61,-19.17,42.50,-22.42,35.89,0.00,0.00
3703.25,37.49,77.62,38.04,77.53,1891.90,-646.30,-7.54,-10.49,-3.86,-6.37,-18.29,42.24,-22.15,35.88,0.00,0.00
3705.66,37.44,77.12,38.00,77.02,1882.91,-638.61,-7.56,-10.92,-3.80,-6.33,-17.54,42.01,-21.34,35.68,0.00,0.00
3708.43,37.40,76.54,37.98,76.42,1872.72,-629.17,-7.52,-11.54,-3.69,-6.91,-16.68,41.72,-20.37,34.81,0.00,0.00
3711.25,37.38,75.94,37.97,75.79,1862.30,-619.19,-7.25,-12.04,-3.15,-6.90,-15.80,41.41,-18.95,34.51,0.00,0.00
3713.43,37.38,75.47,37.97,75.30,1854.22,-611.04,-6.91,-12.49,-2.67,-7.27,-15.11,41.15,-17.78,33.88,0.00,0.00
3716.30,37.40,74.84,37.98,74.65,1843.78,-600.29,-6.51,-12.62,-2.55,-6.55,-14.20,40.80,-16.76,34.25,0.00,0.00
3718.93,37.43,74.25,38.00,74.05,1834.40,-590.16,-6.12,-12.62,-2.33,-6.29,-13.37,40.45,-15.70,34.15,0.00,0.00
3721.82,37.49,73.60,38.04,73.39,1824.16,-578.72,-5.60,-12.43,-1.90,-5.88,-12.44,40.05,-14.35,34.16,0.00,0.00
3724.19,37.55,73.06,38.08,72.84,1815.74,-568.92,-4.99,-12.34,-1.21,-5.98,-11.68,39.70,-12.89,33.72,0.00,0.00
3726.96,37.64,72.42,38.13,72.18,1805.94,-557.42,-4.15,-11.86,-0.55,-5.08,-10.79,39.28,-11.33,34.20,0.00,0.00
3729.79,37.76,71.76,38.20,71.52,1796.08,-545.38,-3.23,-11.25,0.01,-4.54,-9.86,38.83,-9.86,34.28,0.00,0.00
3731.93,37.86,71.26,38.25,71.01,1788.67,-536.26,-2.46,-10.51,0.56,-3.52,-9.16,38.47,-8.61,34.95,0.00,0.00
3734.68,38.00,70.60,38.34,70.36,1779.29,-524.18,-1.42,-9.59,1.17,-3.13,-8.26,38.00,-7.09,34.86,0.00,0.00
3737.39,38.16,69.96,38.42,69.71,1770.11,-512.09,-0.25,-8.53,2.04,-2.30,-7.37,37.51,-5.32,35.21,0.00,0.00
3739.49,38.29,69.45,38.51,69.20,1763.16,-502.38,0.60,-7.78,2.32,-2.10,-6.67,37.12,-4.34,35.02,0.00,0.00
3742.27,38.48,68.78,38.63,68.53,1754.11,-489.48,1.80,-6.54,3.05,-1.05,-5.74,36.58,-2.70,35.53,0.00,0.00
3745.06,38.69,68.10,38.77,67.85,1745.30,-476.04,2.93,-5.44,3.49,-0.75,-4.80,36.02,-1.32,35.27,0.00,0.00
3747.23,38.86,67.57,38.88,67.32,1738.57,-465.62,3.84,-4.34,4.03,0.37,-4.07,35.57,-0.04,35.95,0.00,0.00
3749.66,39.07,66.98,39.01,66.73,1731.08,-453.80,4.98,-3.02,4.84,1.21,-3.25,35.06,1.59,36.27,0.00,0.00
3752.41,39.32,66.30,39.19,66.07,1723.15,-440.07,5.93,-1.58,4.68,1.81,-2.31,34.45,2.37,36.27,0.00,0.00
3754.76,39.55,65.72,39.37,65.53,1717.11,-428.23,6.21,-0.31,3.70,2.56,-1.51,33.92,2.19,36.49,0.00,0.00
3757.25,39.80,65.11,39.58,64.96,1711.31,-415.50,6.06,1.13,2.74,3.45,-0.66,33.34,2.08,36.80,0.00,0.00
3759.38,40.02,64.58,39.74,64.44,1705.59,-404.34,6.84,2.25,5.24,3.77,0.08,32.84,5.32,36.60,0.00,0.00
3761.66,40.27,64.02,39.94,63.88,1699.53,-392.01,7.76,3.27,5.90,3.86,0.87,32.28,6.77,36.14,0.00,0.00
3764.70,40.62,63.27,40.21,63.14,1691.91,-375.38,8.81,4.63,6.12,4.55,1.93,31.51,8.05,36.07,0.00,0.00
3766.76,40.87,62.76,40.41,62.64,1686.96,-364.00,9.45,5.63,6.27,5.23,2.65,30.98,8.92,36.21,0.00,0.00
3769.68,41.23,62.04,40.71,61.94,1680.33,-347.52,10.22,6.88,6.44,5.57,3.68,30.21,10.12,35.78,0.00,0.00
3771.79,41.50,61.52,40.94,61.44,1675.91,-335.61,10.60,7.85,6.20,6.24,4.42,29.64,10.62,35.88,0.00,0.00
3774.30,41.83,60.91,41.23,60.83,1670.81,-320.89,11.06,8.66,6.45,5.94,5.31,28.94,11.77,34.88,0.00,0.00
3777.03,42.21,60.24,41.56,60.17,1665.36,-304.56,11.71,9.41,7.03,6.07,6.29,28.16,13.32,34.24,0.00,0.00
3779.12,42.50,59.73,41.84,59.67,1661.76,-292.02,11.80,10.06,6.11,6.59,7.04,27.55,13.15,34.15,0.00,0.00
3782.07,42.93,59.01,42.23,58.98,1656.73,-274.22,12.15,10.96,6.67,7.00,8.10,26.68,14.76,33.68,0.00,0.00
3784.18,43.25,58.50,42.52,58.50,1653.69,-261.50,12.01,11.73,5.68,7.70,8.86,26.03,14.54,33.73,0.00,0.00
3786.62,43.62,57.92,42.88,57.92,1650.18,-246.27,12.05,12.21,6.11,7.09,9.75,25.28,15.86,32.37,0.00,0.00
3789.42,44.06,57.25,43.31,57.28,1646.62,-228.71,11.90,12.72,5.68,7.27,10.77,24.39,16.45,31.66,0.00,0.00
3791.68,44.42,56.72,43.66,56.76,1643.83,-214.41,11.90,13.10,5.94,7.39,11.59,23.66,17.53,31.05,0.00,0.00
3794.02,44.81,56.17,44.04,56.22,1641.28,-199.47,11.74,13.45,5.54,7.47,12.46,22.89,18.00,30.36,0.00,0.00
3796.77,45.27,55.53,44.50,55.61,1638.82,-181.93,11.29,13.93,4.82,7.83,13.47,21.96,18.30,29.80,0.00,0.00
3799.14,45.68,54.98,44.91,55.09,1637.02,-166.51,10.80,14.12,4.37,7.47,14.36,21.15,18.73,28.62,0.00,0.00
3801.66,46.11,54.41,45.37,54.54,1635.50,-150.03,10.13,14.18,3.73,7.21,15.29,20.27,19.02,27.48,0.00,0.00
3803.73,46.48,53.94,45.76,54.07,1634.23,-136.10,9.78,13.95,4.04,6.43,16.07,19.53,20.11,25.96,0.00,0.00
3806.46,46.98,53.34,46.28,53.48,1633.02,-117.91,9.10,13.79,3.31,6.60,17.10,18.54,20.41,25.14,0.00,0.00
3809.12,47.46,52.75,46.79,52.92,1632.29,-100.37,8.27,13.80,2.57,6.91,18.10,17.56,20.67,24.47,0.00,0.00
3811.27,47.87,52.29,47.22,52.47,1631.96,-86.00,7.54,13.66,2.08,6.51,18.92,16.76,21.00,23.27,0.00,0.00
3813.67,48.32,51.77,47.71,51.99,1632.07,-69.96,6.47,13.49,1.00,6.39,19.84,15.84,20.84,22.23,0.00,0.00
3816.43,48.85,51.19,48.29,51.42,1632.18,-51.26,5.54,12.94,1.09,5.46,20.89,14.77,21.98,20.23,0.00,0.00
3818.53,49.26,50.76,48.72,50.99,1632.34,-37.13,4.97,12.68,1.13,5.73,21.70,13.94,22.83,19.67,0.00,0.00
3821.43,49.83,50.17,49.34,50.42,1633.11,-17.62,3.93,12.20,0.17,5.28,22.82,12.78,22.98,18.06,0.00,0.00
3823.53,50.00,50.00,49.79,50.02,1633.81,-3.82,3.21,3.82,-0.10,-18.02,-22.85,39.12,-22.95,21.10,0.00,0.00
3826.09,50.51,49.48,50.35,49.53,1635.11,13.47,1.78,3.29,-1.91,0.61,-22.69,38.25,-24.60,38.86,0.00,0.00
3828.90,51.06,48.91,50.94,48.97,1635.59,32.17,0.84,3.06,-1.26,1.10,-22.49,37.28,-23.76,38.38,0.00,0.00
3831.07,51.48,48.45,51.37,48.50,1634.97,46.93,0.87,2.65,0.52,0.41,-22.34,36.51,-21.82,36.92,0.00,0.00
3833.43,51.93,47.95,51.81,47.98,1633.57,62.78,1.44,2.36,1.92,0.55,-22.18,35.67,-20.26,36.22,0.00,0.00
3836.24,52.45,47.34,52.35,47.40,1632.97,81.10,0.74,2.59,-0.88,1.70,-21.97,34.64,-22.85,36.34,0.00,0.00
3838.63,52.90,46.82,52.82,46.94,1633.13,96.22,-0.77,3.32,-3.52,3.18,-21.79,33.75,-25.32,36.93,0.00,0.00
3841.20,53.36,46.25,53.29,46.42,1632.36,112.41,-1.69,4.04,-2.65,3.42,-21.60,32.78,-24.24,36.20,0.00,0.00
3843.34,53.75,45.77,53.68,45.98,1631.50,125.95,-2.45,4.69,-2.99,3.87,-21.43,31.95,-24.42,35.82,0.00,0.00
3846.09,54.23,45.14,54.14,45.39,1629.35,143.11,-2.61,5.59,-1.61,4.44,-21.21,30.88,-22.82,35.32,0.00,0.00
3848.77,54.69,44.53,54.57,44.81,1626.78,159.81,-2.59,6.56,-1.26,5.09,-20.99,29.81,-22.25,34.89,0.00,0.00
3850.89,55.05,44.03,54.92,44.34,1624.91,173.12,-2.93,7.14,-2.25,4.93,-20.82,28.95,-23.07,33.88,0.00,0.00
3853.67,55.51,43.38,55.36,43.73,1622.05,190.35,-3.21,8.07,-2.11,5.72,-20.59,27.81,-22.70,33.52,0.00,0.00
3856.46,55.95,42.73,55.80,43.11,1619.13,207.69,-3.72,8.88,-2.78,5.89,-20.34,26.64,-23.12,32.53,0.00,0.00
3858.60,56.29,42.22,56.12,42.62,1616.52,220.96,-3.92,9.42,-2.43,5.96,-20.16,25.73,-22.59,31.69,0.00,0.00
3861.40,56.72,41.55,56.52,41.98,1612.43,238.03,-3.78,10.36,-1.63,6.87,-19.91,24.52,-21.54,31.39,0.00,0.00
3864.21,57.14,40.87,56.91,41.31,1607.99,255.34,-3.57,11.02,-1.43,6.67,-19.65,23.29,-21.08,29.96,0.00,0.00
3866.37,57.45,40.34,57.20,40.81,1604.48,268.40,-3.50,11.68,-1.59,7.39,-19.45,22.32,-21.04,29.71,0.00,0.00
3868.83,57.80,39.75,57.53,40.24,1600.54,283.03,-3.68,12.52,-2.19,7.96,-19.22,21.22,-21.41,29.18,0.00,0.00
3871.67,58.19,39.05,57.90,39.56,1595.45,300.15,-3.59,13.18,-1.65,7.74,-18.94,19.91,-20.60,27.65,0.00,0.00
3873.83,58.48,38.52,58.17,39.04,1591.29,313.18,-3.43,13.52,-1.34,7.55,-18.73,18.91,-20.07,26.46,0.00,0.00
3876.30,58.79,37.91,58.47,38.43,1586.28,328.03,-3.17,13.81,-1.06,7.50,-18.49,17.74,-19.54,25.24,0.00,0.00
3879.15,59.15,37.21,58.80,37.74,1580.35,344.84,-2.96,14.26,-1.11,7.92,-18.20,16.38,-19.31,24.30,0.00,0.00
3881.29,59.40,36.68,59.04,37.22,1575.80,357.23,-2.89,14.70,-1.27,8.37,-17.98,15.34,-19.25,23.72,0.00,0.00
3884.07,59.72,36.00,59.35,36.54,1569.80,373.43,-2.92,14.97,-1.51,7.96,-17.69,13.98,-19.20,21.94,0.00,0.00
3886.87,60.03,35.30,59.65,35.85,1563.41,389.64,-2.83,15.06,-1.25,7.69,-17.39,12.58,-18.64,20.27,0.00,0.00
3888.99,60.25,34.78,59.87,35.32,1558.16,401.90,-2.53,15.03,-0.58,7.44,-17.16,11.51,-17.73,18.95,0.00,0.00
3891.81,60.53,34.09,60.15,34.62,1551.30,417.92,-2.45,14.96,-1.09,7.37,-16.85,10.07,-17.94,17.44,0.00,0.00
3894.52,60.78,33.42,60.40,33.95,1544.53,433.02,-2.44,14.98,-1.20,7.52,-16.55,8.66,-17.75,16.17,0.00,0.00
3896.63,60.97,32.90,60.59,33.43,1539.04,444.57,-2.35,14.96,-0.94,7.43,-16.31,7.55,-17.25,14.98,0.00,0.00
3899.44,61.21,32.21,60.83,32.73,1531.66,460.04,-2.36,14.59,-1.19,6.64,-15.99,6.06,-17.18,12.69,0.00,0.00
3902.22,61.42,31.53,61.05,32.04,1524.01,474.92,-2.26,14.37,-0.96,6.78,-15.66,4.56,-16.63,11.34,0.00,0.00
3904.35,61.58,31.02,61.21,31.52,1518.06,486.04,-2.23,14.23,-1.05,6.81,-15.41,3.40,-16.46,10.20,0.00,0.00
3907.14,61.77,30.35,61.40,30.84,1509.93,500.32,-2.05,14.02,-0.69,6.62,-15.08,1.86,-15.77,8.48,0.00,0.00
3909.92,61.93,29.68,61.57,30.15,1501.60,514.36,-1.86,13.66,-0.60,6.19,-14.74,0.30,-15.34,6.49,0.00,0.00
3912.09,62.05,29.16,61.70,29.62,1494.92,525.08,-1.67,13.34,-0.39,5.92,-14.47,-0.93,-14.86,5.00,0.00,0.00
3914.55,62.18,28.58,61.82,29.02,1487.19,536.99,-1.48,12.98,-0.34,5.77,-14.16,-2.34,-14.50,3.44,0.00,0.00
3917.35,62.30,27.92,61.96,28.34,1478.26,550.26,-1.30,12.45,-0.35,5.28,-13.81,-3.96,-14.16,1.32,0.00,0.00
3919.60,62.38,27.40,62.05,27.80,1470.90,560.63,-1.11,12.01,-0.13,5.01,-13.52,-5.28,-13.65,-0.27,0.00,0.00
3922.02,62.46,26.85,62.13,27.23,1462.88,571.38,-0.94,11.62,-0.12,5.02,-13.21,-6.71,-13.32,-1.69,0.00,0.00
3924.90,62.53,26.19,62.22,26.55,1453.11,583.88,-0.70,11.04,0.06,4.50,-12.83,-8.43,-12.77,-3.93,0.00,0.00
3927.14,62.57,25.69,62.27,26.03,1445.39,593.28,-0.56,10.58,0.03,4.27,-12.53,-9.79,-12.50,-5.52,0.00,0.00
3929.52,62.60,25.16,62.31,25.48,1437.18,603.02,-0.50,10.00,-0.13,3.79,-12.21,-11.24,-12.33,-7.45,0.00,0.00
3932.48,62.62,24.51,62.34,24.80,1426.54,614.58,-0.21,9.36,0.39,3.59,-11.80,-13.07,-11.41,-9.48,0.00,0.00
3934.71,62.62,24.03,62.35,24.30,1418.61,622.90,-0.19,8.88,-0.06,3.37,-11.50,-14.47,-11.56,-11.10,0.00,0.00
3937.11,62.60,23.51,62.35,23.77,1409.82,631.49,-0.08,8.41,0.19,3.23,-11.16,-15.99,-10.97,-12.76,0.00,0.00
3940.23,62.56,22.86,62.32,23.09,1398.15,642.11,0.17,7.72,0.50,2.76,-10.72,-17.98,-10.22,-15.21,0.00,0.00
3942.43,62.51,22.41,62.29,22.61,1389.82,649.45,0.29,7.02,0.40,1.91,-10.40,-19.40,-10.00,-17.49,0.00,0.00
3944.82,62.44,21.92,62.24,22.11,1380.88,656.98,0.21,6.29,-0.05,1.62,-10.06,-20.96,-10.11,-19.34,0.00,0.00
3947.87,62.33,21.32,62.17,21.49,1369.46,665.93,-0.05,5.44,-0.44,1.33,-9.61,-22.97,-10.05,-21.64,0.00,0.00
3950.14,62.23,20.88,62.10,21.03,1360.91,672.43,-0.30,4.51,-0.70,0.19,-9.27,-24.48,-9.97,-24.29,0.00,0.00
3952.90,62.09,20.36,62.01,20.48,1350.41,679.83,-0.68,3.38,-1.03,-0.34,-8.86,-26.34,-9.88,-26.68,0.00,0.00
3955.66,61.93,19.85,61.89,19.95,1339.75,686.58,-1.03,2.32,-1.15,-0.77,-8.44,-28.21,-9.59,-28.99,0.00,0.00
3957.95,61.78,19.43,61.78,19.52,1330.94,691.79,-1.47,1.37,-1.70,-1.38,-8.08,-29.79,-9.78,-31.16,0.00,0.00
3960.73,61.57,18.95,61.63,19.01,1320.13,697.74,-1.99,0.01,-1.93,-2.44,-7.65,-31.71,-9.58,-34.15,0.00,0.00
3963.49,61.34,18.48,61.47,18.52,1309.51,703.08,-2.81,-1.37,-2.89,-3.19,-7.22,-33.65,-10.11,-36.84,0.00,0.00
3965.74,61.14,18.11,61.31,18.14,1300.55,706.71,-3.25,-2.25,-2.60,-3.09,-6.86,-35.24,-9.46,-38.32,0.00,0.00
3968.19,60.90,17.72,61.13,17.73,1290.88,710.44,-3.90,-3.50,-3.28,-4.29,-6.47,-36.98,-9.75,-41.27,0.00,0.00
3971.02,60.60,17.28,60.90,17.26,1279.50,714.31,-4.60,-5.13,-3.54,-5.44,-6.01,-39.03,-9.55,-44.46,0.00,0.00
3973.18,60.35,16.96,60.71,16.92,1270.82,716.86,-5.22,-6.45,-4.05,-6.28,-5.65,-40.60,-9.70,-46.88,0.00,0.00
3976.01,60.01,16.55,60.44,16.49,1259.40,719.38,-6.08,-8.00,-4.55,-6.76,-5.19,-42.67,-9.73,-49.43,0.00,0.00
3978.73,59.65,16.18,60.14,16.11,1248.30,720.83,-6.91,-9.22,-4.98,-6.84,-4.73,-44.68,-9.71,-51.52,0.00,0.00
3980.83,59.36,15.91,59.90,15.83,1239.73,721.54,-7.65,-10.21,-5.58,-7.47,-4.38,-46.25,-9.96,-53.72,0.00,0.00
3983.63,58.94,15.56,59.55,15.46,1228.02,721.80,-8.42,-11.51,-5.60,-8.09,-3.90,-48.36,-9.50,-56.45,0.00,0.00
3986.16,58.55,15.26,59.21,15.14,1217.14,721.47,-8.90,-12.78,-5.40,-8.89,-3.46,-50.28,-8.87,-59.17,0.00,0.00
3988.91,58.09,14.95,58.82,14.81,1205.34,720.42,-9.57,-14.17,-6.01,-9.63,-2.98,-52.39,-8.99,-62.02,0.00,0.00
3991.24,57.69,14.71,58.46,14.55,1195.15,718.92,-10.01,-15.35,-5.95,-10.20,-2.58,-54.20,-8.53,-64.40,0.00,0.00
3994.03,57.17,14.44,58.01,14.26,1183.08,716.18,-10.81,-16.54,-6.83,-10.40,-2.08,-56.38,-8.91,-66.78,0.00,0.00
3996.87,56.63,14.18,57.53,14.01,1171.07,712.35,-11.94,-17.54,-7.95,-10.54,-1.57,-58.61,-9.52,-69.15,0.00,0.00
3999.05,56.18,14.00,57.13,13.84,1161.84,708.64,-12.89,-18.12,-8.63,-10.38,-1.18,-60.35,-9.81,-70.73,0.00,0.00
4001.86,55.59,13.79,56.59,13.64,1149.64,703.06,-13.92,-18.83,-8.78,-10.68,-0.66,-62.61,-9.44,-73.29,0.00,0.00
4004.30,55.05,13.63,56.09,13.47,1138.70,697.81,-14.49,-19.73,-8.42,-11.70,-0.21,-64.58,-8.63,-76.28,0.00,0.00
4007.30,54.35,13.45,55.43,13.25,1124.31,690.49,-14.33,-20.87,-6.91,-12.34,0.35,-67.02,-6.56,-79.36,0.00,0.00
4009.49,53.83,13.34,54.92,13.13,1113.91,684.07,-14.41,-21.28,-7.39,-11.58,0.76,-68.82,-6.63,-80.40,0.00,0.00
4012.29,53.12,13.22,54.22,13.01,1100.42,674.60,-14.40,-21.36,-7.19,-10.81,1.29,-71.15,-5.90,-81.96,0.00,0.00
4014.98,52.42,13.13,53.53,12.91,1087.55,664.98,-14.49,-21.71,-7.40,-11.52,1.80,-73.39,-5.59,-84.92,0.00,0.00
4017.83,51.65,13.06,52.76,12.84,1073.84,653.51,-14.64,-21.81,-7.60,-11.07,2.36,-75.80,-5.24,-86.87,0.00,0.00
4020.22,50.97,13.02,52.09,12.77,1061.88,643.67,-14.31,-22.36,-6.47,-12.34,2.82,-77.83,-3.65,-90.17,0.00,0.00
4022.99,50.16,13.00,51.27,12.75,1047.97,630.55,-13.99,-22.20,-6.40,-10.82,3.37,-80.21,-3.03,-91.03,0.00,0.00
4025.79,50.00,13.00,50.42,12.76,1034.26,616.60,-2.94,-10.90,18.26,14.74,41.73,-41.66,59.99,-26.92,0.00,0.00
4027.90,49.37,13.01,49.75,12.78,1023.72,605.19,-2.50,-9.86,-0.21,-2.47,41.95,-41.11,41.75,-43.58,0.00,0.00
4030.76,48.56,13.04,48.88,12.84,1010.34,590.03,-1.92,-8.66,0.05,-2.24,42.23,-40.38,42.28,-42.61,0.00,0.00
4033.39,47.83,13.10,48.11,12.91,999.02,576.23,-1.51,-7.65,0.02,-1.89,42.46,-39.69,42.49,-41.59,0.00,0.00
4035.51,47.27,13.16,47.50,12.99,990.32,565.00,-1.00,-6.68,0.69,-1.06,42.64,-39.14,43.34,-40.20,0.00,0.00
4038.26,46.57,13.27,46.74,13.10,979.60,550.77,-0.11,-5.67,1.57,-1.00,42.85,-38.41,44.43,-39.41,0.00,0.00
4040.91,45.91,13.39,46.05,13.25,970.76,536.86,0.05,-4.48,0.32,-0.00,43.04,-37.71,43.36,-37.72,0.00,0.00
4043.02,45.41,13.51,45.52,13.39,964.24,526.00,0.25,-3.69,0.60,0.04,43.18,-37.15,43.78,-37.11,0.00,0.00
4045.79,44.78,13.68,44.87,13.58,956.88,512.18,0.07,-3.00,-0.30,-0.25,43.34,-36.41,43.04,-36.66,0.00,0.00
4048.59,44.17,13.87,44.26,13.80,950.33,498.63,-0.15,-2.63,-0.47,-0.66,43.48,-35.65,43.01,-36.31,0.00,0.00
4050.77,43.71,14.04,43.80,13.97,945.69,488.39,-0.21,-2.63,-0.23,-1.31,43.58,-35.06,43.35,-36.36,0.00,0.00
4053.21,43.23,14.25,43.31,14.18,941.21,476.87,-0.37,-2.48,-0.50,-0.95,43.67,-34.39,43.17,-35.34,0.00,0.00
4056.17,42.66,14.52,42.75,14.48,936.92,462.81,-0.87,-2.12,-1.28,-0.45,43.77,-33.57,42.49,-34.02,0.00,0.00
4058.35,42.27,14.74,42.38,14.72,934.79,452.70,-1.68,-2.03,-2.70,-0.79,43.82,-32.97,41.13,-33.76,0.00,0.00
4061.13,41.79,15.03,41.94,15.05,932.90,440.13,-2.83,-2.12,-3.50,-1.22,43.88,-32.19,40.38,-33.42,0.00,0.00
4063.93,41.33,15.35,41.52,15.39,931.63,427.79,-3.85,-2.43,-3.74,-1.78,43.91,-31.41,40.17,-33.19,0.00,0.00
4066.11,40.99,15.61,41.22,15.65,931.12,418.60,-4.59,-3.05,-4.00,-2.93,43.92,-30.79,39.92,-33.72,0.00,0.00
4068.87,40.59,15.96,40.86,16.03,931.34,406.56,-5.73,-3.32,-4.93,-2.17,43.92,-30.01,38.98,-32.17,0.00,0.00
4071.68,40.20,16.33,40.54,16.44,932.77,394.41,-7.36,-3.57,-6.56,-2.21,43.89,-29.20,37.33,-31.42,0.00,0.00
4073.81,39.93,16.62,40.31,16.76,934.31,385.49,-8.55,-3.96,-7.08,-2.91,43.86,-28.59,36.78,-31.50,0.00,0.00
4076.64,39.59,17.03,40.03,17.19,936.68,373.80,-9.82,-4.56,-7.16,-3.33,43.81,-27.77,36.65,-31.10,0.00,0.00
4079.39,39.28,17.45,39.77,17.63,939.69,362.46,-11.08,-5.01,-7.82,-3.32,43.73,-26.97,35.91,-30.29,0.00,0.00
4081.53,39.06,17.78,39.59,17.98,942.37,353.74,-11.93,-5.37,-7.96,-3.53,43.66,-26.34,35.69,-29.88,0.00,0.00
4084.33,38.79,18.23,39.36,18.46,946.64,342.18,-13.19,-5.62,-8.85,-3.26,43.54,-25.52,34.69,-28.78,0.00,0.00
4086.97,38.56,18.67,39.18,18.93,951.18,331.46,-14.31,-5.89,-9.27,-3.45,43.42,-24.73,34.15,-28.18,0.00,0.00
4089.11,38.39,19.04,39.04,19.31,955.21,322.93,-15.13,-6.16,-9.49,-3.71,43.30,-24.10,33.81,-27.80,0.00,0.00
4091.89,38.19,19.53,38.88,19.81,960.79,312.10,-15.98,-6.67,-9.52,-4.25,43.14,-23.26,33.61,-27.51,0.00,0.00
4094.37,38.03,19.98,38.75,20.26,966.04,302.56,-16.50,-7.11,-9.30,-4.46,42.97,-22.51,33.68,-26.97,0.00,0.00
4097.26,37.86,20.51,38.61,20.82,972.87,291.36,-17.23,-7.36,-9.88,-4.11,42.76,-21.64,32.88,-25.75,0.00,0.00
4099.66,37.74,20.97,38.52,21.29,979.18,282.06,-17.97,-7.49,-10.51,-4.01,42.57,-20.91,32.06,-24.92,0.00,0.00
4101.97,37.65,21.42,38.44,21.76,985.44,273.08,-18.45,-7.48,-10.27,-3.71,42.37,-20.19,32.10,-23.90,0.00,0.00
4104.87,37.55,22.00,38.35,22.33,993.31,262.16,-18.53,-7.63,-9.42,-4.07,42.10,-19.30,32.68,-23.37,0.00,0.00
4107.13,37.49,22.46,38.30,22.78,999.83,254.00,-18.59,-7.97,-9.41,-4.75,41.87,-18.60,32.46,-23.35,0.00,0.00
4109.90,37.43,23.03,38.25,23.35,1008.42,243.92,-18.74,-8.17,-9.65,-4.46,41.58,-17.73,31.93,-22.19,0.00,0.00
4112.72,37.39,23.62,38.21,23.95,1017.54,233.48,-18.73,-8.05,-9.35,-3.80,41.26,-16.85,31.91,-20.65,0.00,0.00
4114.87,37.38,24.08,38.19,24.41,1024.82,225.62,-18.70,-7.92,-9.27,-3.65,41.00,-16.17,31.73,-19.82,0.00,0.00
4117.74,37.38,24.70,38.18,25.03,1034.70,215.33,-18.37,-7.79,-8.62,-3.67,40.64,-15.26,32.03,-18.93,0.00,0.00
4120.39,37.40,25.29,38.18,25.60,1044.04,205.95,-17.82,-7.62,-7.86,-3.49,40.29,-14.41,32.43,-17.91,0.00,0.00
4123.28,37.45,25.93,38.19,26.23,1054.65,195.73,-17.15,-7.27,-7.42,-3.02,39.89,-13.48,32.46,-16.50,0.00,0.00
4125.71,37.50,26.48,38.22,26.78,1064.01,187.25,-16.67,-6.90,-7.34,-2.70,39.53,-12.70,32.19,-15.40,0.00,0.00
4128.04,37.56,27.01,38.25,27.31,1073.16,179.10,-16.02,-6.42,-6.62,-2.19,39.17,-11.94,32.55,-14.13,0.00,0.00
4130.87,37.66,27.67,38.30,27.94,1084.38,169.52,-14.95,-5.98,-5.59,-2.21,38.72,-11.02,33.13,-13.22,0.00,0.00
4133.12,37.75,28.19,38.34,28.45,1093.44,161.92,-13.93,-5.48,-4.70,-1.64,38.35,-10.28,33.64,-11.92,0.00,0.00
4135.60,37.86,28.78,38.40,29.02,1103.57,153.59,-12.68,-4.82,-3.82,-1.07,37.92,-9.46,34.10,-10.53,0.00,0.00
4138.45,38.01,29.45,38.48,29.68,1115.85,144.16,-11.45,-4.03,-3.57,-0.64,37.41,-8.52,33.84,-9.16,0.00,0.00
4140.60,38.14,29.97,38.56,30.19,1125.38,136.98,-10.54,-3.22,-3.15,0.28,37.01,-7.80,33.87,-7.51,0.00,0.00
4143.34,38.31,30.62,38.66,30.83,1137.47,128.17,-9.02,-2.33,-1.74,0.47,36.49,-6.88,34.75,-6.41,0.00,0.00
4146.10,38.50,31.29,38.77,31.47,1149.97,119.51,-7.45,-1.45,-0.88,0.86,35.94,-5.95,35.07,-5.09,0.00,0.00
4148.22,38.66,31.81,38.87,31.97,1159.64,112.90,-6.05,-0.69,0.28,1.45,35.51,-5.23,35.78,-3.78,0.00,0.00
4151.02,38.89,32.49,39.01,32.63,1172.80,104.41,-4.35,0.29,0.86,1.90,34.92,-4.28,35.77,-2.38,0.00,0.00
4153.74,39.12,33.16,39.16,33.27,1185.72,96.44,-2.51,1.19,2.11,2.25,34.32,-3.35,36.43,-1.10,0.00,0.00
4156.04,39.33,33.72,39.30,33.82,1196.93,89.80,-1.01,2.01,2.76,2.78,33.80,-2.56,36.56,0.22,0.00,0.00
4158.46,39.56,34.32,39.47,34.39,1209.10,83.01,0.39,2.85,3.08,3.17,33.25,-1.72,36.33,1.45,0.00,0.00
4160.58,39.78,34.84,39.62,34.89,1219.82,77.39,1.72,3.41,4.00,3.04,32.75,-0.99,36.75,2.05,0.00,0.00
4162.89,40.02,35.41,39.80,35.44,1231.78,71.37,3.07,4.08,4.46,3.48,32.19,-0.18,36.65,3.30,0.00,0.00
4165.02,40.25,35.94,39.98,35.95,1242.96,65.94,4.32,4.71,5.09,3.83,31.66,0.56,36.75,4.39,0.00,0.00
4167.70,40.56,36.60,40.22,36.59,1257.35,59.48,5.78,5.33,5.61,3.83,30.98,1.51,36.59,5.33,0.00,0.00
4170.41,40.88,37.27,40.49,37.23,1272.25,53.35,7.09,5.80,5.96,3.78,30.27,2.46,36.23,6.24,0.00,0.00
4172.46,41.14,37.78,40.70,37.72,1283.70,48.82,8.10,6.18,6.51,4.02,29.72,3.19,36.24,7.21,0.00,0.00
4175.32,41.50,38.48,41.01,38.39,1299.76,42.96,9.50,6.53,7.20,3.88,28.94,4.21,36.14,8.09,0.00,0.00
4177.36,41.77,38.98,41.25,38.87,1311.56,38.98,10.31,6.73,7.15,3.84,28.37,4.94,35.53,8.78,0.00,0.00
4179.97,42.13,39.62,41.57,39.48,1326.83,34.08,11.34,6.98,7.64,3.98,27.63,5.88,35.27,9.87,0.00,0.00
4182.08,42.42,40.13,41.84,39.98,1339.33,30.52,12.07,6.97,7.77,3.46,27.01,6.65,34.78,10.11,0.00,0.00
4184.41,42.76,40.70,42.14,40.52,1353.22,26.59,12.97,7.12,8.40,3.88,26.32,7.49,34.72,11.37,0.00,0.00
4186.54,43.07,41.21,42.44,41.02,1366.16,23.25,13.57,7.18,8.19,3.73,25.68,8.27,33.87,12.00,0.00,0.00
4189.25,43.48,41.87,42.83,41.65,1382.90,19.34,14.25,7.13,8.38,3.47,24.84,9.26,33.21,12.73,0.00,0.00
4191.98,43.91,42.52,43.25,42.28,1400.06,15.82,14.72,6.93,8.22,3.09,23.97,10.27,32.19,13.36,0.00,0.00
4194.07,44.24,43.01,43.57,42.75,1413.16,13.36,15.18,6.72,8.70,2.87,23.30,11.04,32.00,13.92,0.00,0.00
4196.78,44.68,43.65,44.02,43.37,1430.54,10.55,15.42,6.32,8.14,2.42,22.41,12.05,30.56,14.47,0.00,0.00
4198.85,45.02,44.13,44.36,43.84,1443.94,8.55,15.54,6.04,8.08,2.35,21.72,12.82,29.80,15.17,0.00,0.00
4201.18,45.42,44.67,44.78,44.37,1459.32,6.70,15.49,5.51,7.64,1.61,20.93,13.70,28.56,15.30,0.00,0.00
4204.18,45.94,45.36,45.32,45.04,1479.17,4.48,15.38,4.97,7.50,1.59,19.88,14.82,27.38,16.42,0.00,0.00
4206.49,46.34,45.88,45.75,45.55,1494.57,3.19,15.22,4.38,7.26,0.90,19.07,15.70,26.33,16.60,0.00,0.00
4208.98,46.79,46.44,46.22,46.10,1511.22,2.00,14.99,3.76,7.04,0.64,18.17,16.64,25.21,17.28,0.00,0.00
4211.09,47.18,46.91,46.63,46.55,1525.42,1.23,14.76,3.19,6.83,0.23,17.40,17.45,24.22,17.68,0.00,0.00
4213.52,47.63,47.44,47.11,47.07,1541.74,0.51,14.43,2.59,6.55,0.05,16.50,18.38,23.05,18.43,0.00,0.00
4215.60,48.02,47.89,47.52,47.52,1555.83,-0.02,14.15,2.16,6.39,0.05,15.71,19.18,22.10,19.23,0.00,0.00
4218.33,48.54,48.47,48.07,48.09,1574.13,-0.40,13.82,1.55,6.31,-0.35,14.67,20.23,20.98,19.88,0.00,0.00
4221.10,49.07,49.05,48.64,48.67,1592.98,-0.48,13.24,0.94,5.58,-0.62,13.58,21.31,19.16,20.69,0.00,0.00
4223.19,49.48,49.47,49.08,49.10,1607.11,-0.37,12.83,0.51,5.44,-0.76,12.76,22.12,18.19,21.36,0.00,0.00
4225.81,50.00,50.00,49.62,49.62,1624.49,-0.02,12.53,0.02,5.68,-0.93,20.86,19.24,26.54,18.32,0.00,0.00
4227.86,50.41,50.41,50.06,50.03,1638.42,0.42,11.99,-0.33,4.67,-1.03,20.31,19.69,24.98,18.66,0.00,0.00
4230.59,50.97,50.94,50.64,50.58,1656.97,1.10,11.42,-0.63,4.66,-0.85,19.56,20.28,24.23,19.43,0.00,0.00
4233.20,51.52,51.45,51.21,51.09,1674.63,1.96,10.99,-0.83,4.67,-0.80,18.83,20.84,23.50,20.04,0.00,0.00
4235.31,51.97,51.85,51.67,51.50,1688.96,2.81,10.57,-0.95,4.31,-0.78,18.23,21.29,22.54,20.51,0.00,0.00
4237.71,52.48,52.30,52.21,51.95,1705.09,4.15,10.26,-1.25,4.48,-1.24,17.53,21.79,22.01,20.55,0.00,0.00
4240.60,53.11,52.84,52.85,52.48,1724.36,6.02,10.11,-1.55,4.80,-1.30,16.67,22.40,21.47,21.10,0.00,0.00
4242.69,53.58,53.22,53.32,52.87,1738.42,7.40,9.85,-1.60,4.29,-0.92,16.03,22.83,20.32,21.91,0.00,0.00
4245.65,54.24,53.75,54.00,53.41,1758.44,9.65,9.36,-1.66,3.85,-0.93,15.11,23.44,18.96,22.51,0.00,0.00
4247.73,54.71,54.12,54.48,53.79,1772.30,11.27,9.25,-1.54,4.38,-0.50,14.45,23.87,18.83,23.37,0.00,0.00
4250.07,55.25,54.52,55.02,54.20,1787.95,13.38,8.97,-1.51,3.87,-0.69,13.70,24.34,17.56,23.65,0.00,0.00
4253.11,55.95,55.04,55.72,54.73,1808.07,16.19,8.77,-1.23,4.06,-0.15,12.69,24.95,16.75,24.80,0.00,0.00
4255.45,56.50,55.42,56.27,55.13,1823.65,18.52,8.54,-0.93,3.79,0.17,11.90,25.42,15.69,25.59,0.00,0.00
4257.93,57.08,55.83,56.85,55.56,1840.15,21.20,8.18,-0.62,3.37,0.32,11.05,25.91,14.42,26.23,0.00,0.00
4260.05,57.59,56.16,57.36,55.91,1854.24,23.64,7.83,-0.32,3.09,0.54,10.31,26.32,13.40,26.86,0.00,0.00
4262.45,58.16,56.53,57.92,56.30,1869.86,26.50,7.67,0.11,3.50,0.95,9.46,26.79,12.96,27.74,0.00,0.00
4264.52,58.66,56.85,58.42,56.63,1883.33,29.27,7.48,0.34,3.27,0.73,8.71,27.19,11.99,27.92,0.00,0.00
4267.24,59.31,57.25,59.06,57.05,1900.73,32.96,7.42,0.82,3.59,1.30,7.72,27.71,11.30,29.00,0.00,0.00
4269.91,59.96,57.63,59.70,57.45,1917.67,36.78,7.35,1.34,3.56,1.64,6.72,28.21,10.28,29.86,0.00,0.00
4271.93,60.45,57.91,60.17,57.73,1930.18,39.92,7.54,1.65,4.23,1.59,5.95,28.59,10.19,30.18,0.00,0.00
4274.69,61.13,58.29,60.81,58.12,1947.01,44.08,7.91,2.44,4.63,2.65,4.89,29.10,9.52,31.75,0.00,0.00
4276.76,61.64,58.56,61.30,58.41,1959.66,47.44,8.04,2.95,4.34,2.71,4.07,29.49,8.41,32.20,0.00,0.00
4279.12,62.22,58.86,61.88,58.72,1974.14,51.68,7.97,3.29,3.84,2.36,3.14,29.92,6.98,32.27,0.00,0.00
4281.18,62.73,59.12,62.38,58.99,1986.89,55.37,7.73,3.75,3.27,3.00,2.31,30.29,5.57,33.29,0.00,0.00
4283.44,63.29,59.39,62.93,59.29,2000.77,59.63,7.40,4.20,2.99,3.09,1.38,30.70,4.37,33.79,0.00,0.00
4285.41,63.77,59.61,63.42,59.55,2012.90,63.37,6.98,4.70,2.40,3.63,0.56,31.05,2.96,34.68,0.00,0.00
4288.23,64.47,59.93,64.09,59.89,2029.65,68.73,6.75,5.61,2.96,4.42,-0.62,31.55,2.34,35.97,0.00,0.00
4290.93,65.14,60.21,64.74,60.20,2045.34,74.40,6.68,6.20,3.22,4.19,-1.78,32.02,1.45,36.21,0.00,0.00
4293.01,65.65,60.42,65.25,60.42,2057.20,78.97,6.66,6.59,3.27,4.24,-2.68,32.38,0.59,36.62,0.00,0.00
4295.74,66.32,60.69,65.90,60.71,2072.63,84.97,6.53,7.30,3.04,4.95,-3.88,32.85,-0.84,37.80,0.00,0.00
4297.83,66.84,60.88,66.41,60.93,2084.47,89.67,6.20,7.88,2.30,5.32,-4.81,33.20,-2.51,38.52,0.00,0.00
4300.23,67.42,61.08,66.99,61.16,2097.83,95.36,5.89,8.42,2.29,5.35,-5.89,33.61,-3.60,38.96,0.00,0.00
4302.37,67.95,61.26,67.50,61.36,2109.39,100.59,5.74,8.89,2.54,5.52,-6.87,33.97,-4.33,39.49,0.00,0.00
4305.11,68.61,61.47,68.16,61.58,2123.80,107.67,5.65,9.28,2.66,5.36,-8.14,34.42,-5.48,39.78,0.00,0.00
4307.85,69.28,61.66,68.81,61.80,2137.99,114.72,5.49,9.93,2.45,6.14,-9.43,34.87,-6.98,41.01,0.00,0.00
4309.94,69.78,61.80,69.31,61.96,2148.76,120.32,5.19,10.33,1.89,6.14,-10.43,35.20,-8.54,41.35,0.00,0.00
4312.65,70.43,61.96,69.95,62.14,2162.38,127.90,4.84,10.72,1.76,6.07,-11.73,35.64,-9.98,41.71,0.00,0.00
4314.78,70.93,62.08,70.45,62.28,2172.84,133.86,4.55,11.16,1.59,6.62,-12.78,35.98,-11.19,42.59,0.00,0.00
4317.54,71.59,62.21,71.10,62.43,2185.98,142.01,4.29,11.51,1.69,6.38,-14.15,36.41,-12.46,42.79,0.00,0.00
4320.15,72.20,62.32,71.71,62.55,2197.91,149.99,4.11,11.70,1.71,6.22,-15.45,36.81,-13.74,43.04,0.00,0.00
4322.28,72.69,62.40,72.21,62.64,2207.60,156.62,3.79,11.90,1.15,6.41,-16.54,37.14,-15.39,43.55,0.00,0.00
4325.02,73.32,62.48,72.85,62.74,2219.62,165.39,3.42,12.06,1.03,6.32,-17.95,37.56,-16.91,43.87,0.00,0.00
4327.82,73.95,62.55,73.49,62.83,2231.71,174.55,2.82,12.22,0.34,6.41,-19.41,37.97,-19.07,44.38,0.00,0.00
4329.98,74.44,62.58,73.98,62.89,2240.50,181.54,2.59,12.57,0.75,7.09,-20.55,38.30,-19.81,45.38,0.00,0.00
4332.41,74.98,62.61,74.52,62.91,2249.79,190.04,2.54,12.41,1.16,5.88,-21.85,38.65,-20.68,44.53,0.00,0.00
4335.20,75.59,62.62,75.13,62.93,2260.05,199.78,2.48,12.47,1.13,6.33,-23.35,39.05,-22.22,45.38,0.00,0.00
4337.48,76.08,62.62,75.62,62.93,2268.20,207.77,2.30,12.61,0.77,6.61,-24.60,39.38,-23.83,46.00,0.00,0.00
4339.80,76.57,62.60,76.13,62.92,2276.18,216.30,2.07,12.45,0.53,5.89,-25.88,39.71,-25.36,45.60,0.00,0.00
4342.69,77.18,62.55,76.74,62.88,2285.50,226.93,1.92,12.45,0.71,6.21,-27.50,40.11,-26.79,46.32,0.00,0.00
4345.07,77.67,62.50,77.24,62.82,2292.84,236.14,1.71,12.13,0.42,5.41,-28.85,40.44,-28.44,45.85,0.00,0.00
4347.58,78.17,62.43,77.75,62.74,2299.95,245.70,1.66,12.06,0.72,5.88,-30.29,40.78,-29.57,46.66,0.00,0.00
4349.73,78.60,62.35,78.18,62.66,2305.65,254.05,1.67,11.95,0.87,5.72,-31.53,41.07,-30.67,46.79,0.00,0.00
4352.47,79.13,62.23,78.72,62.55,2312.68,264.70,1.42,11.93,0.25,5.94,-33.14,41.44,-32.89,47.38,0.00,0.00
4355.14,79.63,62.10,79.23,62.42,2318.85,275.14,1.29,11.98,0.41,6.08,-34.71,41.79,-34.31,47.87,0.00,0.00
4357.28,80.03,61.97,79.64,62.29,2323.44,283.97,1.16,11.67,0.28,5.11,-35.99,42.06,-35.71,47.17,0.00,0.00
4359.72,80.47,61.81,80.08,62.12,2327.99,294.02,1.27,11.47,0.86,5.32,-37.47,42.38,-36.61,47.70,0.00,0.00
4362.78,81.01,61.59,80.62,61.88,2332.87,306.78,1.55,11.17,1.23,5.10,-39.34,42.76,-38.10,47.86,0.00,0.00
4364.98,81.39,61.41,81.01,61.71,2336.32,315.94,1.34,11.08,0.19,5.34,-40.70,43.03,-40.51,48.38,0.00,0.00
4367.35,81.78,61.20,81.40,61.51,2339.53,325.70,1.17,11.19,0.21,5.82,-42.17,43.32,-41.96,49.14,0.00,0.00
4370.11,82.23,60.94,81.86,61.23,2342.38,337.70,1.25,10.82,0.77,4.75,-43.91,43.66,-43.14,48.41,0.00,0.00
4372.46,82.59,60.69,82.22,60.97,2344.08,347.94,1.54,10.59,1.39,4.80,-45.41,43.94,-44.02,48.74,0.00,0.00
4374.84,82.95,60.43,82.57,60.69,2345.20,358.33,1.92,10.38,1.77,4.74,-46.93,44.22,-45.17,48.96,0.00,0.00
4377.00,83.26,60.17,82.89,60.42,2345.99,367.71,2.06,10.36,1.35,5.13,-48.34,44.47,-46.98,49.60,0.00,0.00
4379.76,83.65,59.82,83.27,60.07,2346.40,379.78,2.21,10.38,1.38,5.23,-50.15,44.78,-48.77,50.02,0.00,0.00
4382.32,83.99,59.47,83.61,59.71,2346.12,391.18,2.39,10.26,1.54,4.88,-51.84,45.07,-50.30,49.95,0.00,0.00
4384.46,84.27,59.16,83.88,59.38,2345.17,400.98,2.77,9.96,2.27,4.29,-53.27,45.31,-51.00,49.60,0.00,0.00
4387.19,84.60,58.75,84.19,58.94,2343.15,413.39,3.43,9.76,2.93,4.51,-55.10,45.61,-52.18,50.12,0.00,0.00
4389.97,84.92,58.30,84.51,58.49,2340.87,425.96,3.58,9.76,2.05,4.89,-57.00,45.91,-54.95,50.79,0.00,0.00
4392.17,85.15,57.92,84.74,58.11,2338.49,435.85,3.71,9.89,2.16,5.23,-58.51,46.14,-56.35,51.37,0.00,0.00
4394.50,85.39,57.51,84.98,57.70,2335.64,446.55,3.66,9.86,1.73,4.88,-60.13,46.38,-58.40,51.26,0.00,0.00
4397.40,85.66,56.97,85.25,57.14,2331.00,460.24,3.90,9.55,2.37,4.23,-62.15,46.68,-59.78,50.90,0.00,0.00
4399.76,85.87,56.50,85.46,56.65,2326.41,471.58,4.27,9.17,2.92,3.77,-63.82,46.91,-60.90,50.69,0.00,0.00
4402.23,86.07,56.00,85.65,56.13,2321.11,483.24,4.50,9.07,2.71,4.33,-65.58,47.16,-62.87,51.49,0.00,0.00
4404.38,86.23,55.54,85.81,55.67,2316.17,493.37,4.52,9.03,2.29,4.42,-67.12,47.37,-64.83,51.78,0.00,0.00
4407.11,86.41,54.93,86.00,55.09,2309.60,506.07,4.08,9.24,1.25,5.01,-69.10,47.63,-67.85,52.64,0.00,0.00
4409.87,86.57,54.28,86.16,54.43,2301.58,519.46,4.18,9.00,2.26,4.07,-71.12,47.89,-68.87,51.95,0.00,0.00
4412.07,86.68,53.75,86.28,53.89,2294.51,530.18,4.32,8.80,2.50,3.94,-72.75,48.09,-70.25,52.03,0.00,0.00
4414.42,86.78,53.16,86.38,53.29,2286.48,541.63,4.31,8.66,2.14,4.04,-74.50,48.30,-72.36,52.34,0.00,0.00
4417.17,86.87,52.44,86.47,52.58,2276.27,554.83,4.33,8.74,2.20,4.51,-76.56,48.55,-74.36,53.06,0.00,0.00
4419.56,86.93,51.80,86.54,51.95,2267.13,566.39,3.91,8.75,1.07,4.40,-78.37,48.75,-77.30,53.16,0.00,0.00
4422.04,86.97,51.10,86.61,51.26,2256.82,578.67,3.57,8.53,1.11,3.81,-80.26,48.97,-79.15,52.78,0.00,0.00
4424.18,87.00,50.48,86.64,50.63,2247.09,589.42,3.48,8.28,1.53,3.55,-81.91,49.14,-80.38,52.70,0.00,0.00
4426.90,87.00,50.00,86.66,49.82,2234.19,603.04,8.53,2.66,13.56,-9.02,10.75,-44.34,24.31,-53.36,0.00,0.00
4429.66,86.99,49.19,86.64,48.97,2219.95,616.68,9.23,2.11,5.89,0.06,10.68,-44.86,16.57,-44.80,0.00,0.00
4431.81,86.96,48.57,86.63,48.36,2209.82,626.46,8.87,1.88,3.58,0.41,10.63,-45.25,14.22,-44.84,0.00,0.00
4434.19,86.91,47.92,86.63,47.81,2200.66,635.49,6.44,2.79,-1.88,3.30,10.59,-45.67,8.71,-42.37,0.00,0.00
4437.03,86.82,47.16,86.60,47.07,2188.16,647.16,5.23,2.06,0.48,-0.27,10.53,-46.15,11.01,-46.41,0.00,0.00
4439.35,86.73,46.57,86.53,46.37,2175.55,657.51,6.66,-0.04,6.42,-4.52,10.50,-46.52,16.91,-51.05,0.00,0.00
4441.72,86.62,45.98,86.45,45.67,2162.76,667.57,8.05,-2.28,6.94,-5.86,10.46,-46.90,17.40,-52.76,0.00,0.00
4444.54,86.47,45.32,86.35,44.93,2149.05,677.94,8.32,-4.22,4.65,-5.56,10.42,-47.32,15.07,-52.88,0.00,0.00
4446.94,86.32,44.77,86.24,44.40,2138.70,684.91,7.29,-4.71,1.49,-3.36,10.39,-47.66,11.88,-51.02,0.00,0.00
4449.41,86.15,44.23,86.14,43.87,2128.33,691.96,6.01,-5.76,0.42,-5.00,10.37,-47.99,10.79,-52.99,0.00,0.00
4451.57,85.98,43.78,86.04,43.36,2118.20,698.71,6.00,-7.79,2.97,-8.59,10.35,-48.27,13.32,-56.87,0.00,0.00
4454.33,85.75,43.22,85.87,42.70,2104.75,706.79,6.59,-10.59,4.36,-10.37,10.33,-48.61,14.69,-58.98,0.00,0.00
4456.90,85.52,42.73,85.72,42.17,2093.70,712.97,5.76,-12.57,1.26,-10.13,10.32,-48.91,11.58,-59.05,0.00,0.00
4459.79,85.23,42.21,85.54,41.64,2082.01,718.68,4.18,-14.37,-0.63,-10.32,10.31,-49.23,9.67,-59.55,0.00,0.00
4462.20,84.97,41.79,85.38,41.23,2072.67,722.83,2.52,-15.92,-2.19,-11.15,10.30,-49.47,8.11,-60.63,0.00,0.00
4464.63,84.70,41.39,85.19,40.80,2062.54,726.61,1.66,-17.66,-0.94,-12.42,10.30,-49.71,9.36,-62.12,0.00,0.00
4467.39,84.37,40.97,84.97,40.33,2051.22,730.72,0.56,-20.15,-1.70,-14.59,10.31,-49.95,8.60,-64.54,0.00,0.00
4469.73,84.08,40.62,84.77,39.96,2041.82,733.62,-0.45,-22.26,-2.38,-15.65,10.32,-50.15,7.94,-65.80,0.00,0.00
4472.07,83.77,40.30,84.55,39.61,2032.53,735.60,-1.51,-23.97,-3.02,-15.63,10.33,-50.32,7.31,-65.96,0.00,0.00
4474.97,83.37,39.92,84.24,39.24,2021.52,736.68,-3.19,-25.43,-4.51,-15.23,10.35,-50.52,5.84,-65.75,0.00,0.00
4477.18,83.05,39.65,84.00,38.98,2013.15,737.01,-4.40,-26.56,-4.93,-15.85,10.37,-50.66,5.43,-66.52,0.00,0.00
4479.95,82.64,39.34,83.68,38.66,2002.60,736.98,-5.77,-28.17,-5.35,-16.99,10.39,-50.82,5.04,-67.81,0.00,0.00
4482.73,82.21,39.05,83.32,38.35,1991.83,736.24,-6.83,-29.75,-5.33,-17.70,10.43,-50.95,5.10,-68.66,0.00,0.00
4484.88,81.86,38.84,83.03,38.14,1983.68,734.90,-7.77,-30.67,-6.05,-17.47,10.46,-51.04,4.41,-68.51,0.00,0.00
4487.67,81.40,38.59,82.62,37.92,1973.24,731.69,-8.96,-30.97,-6.61,-16.03,10.50,-51.14,3.89,-67.17,0.00,0.00
4490.16,80.97,38.39,82.22,37.75,1963.95,728.09,-9.94,-31.05,-6.94,-15.69,10.54,-51.21,3.60,-66.91,0.00,0.00
4492.94,80.48,38.19,81.75,37.56,1953.16,723.49,-10.47,-31.17,-6.20,-15.79,10.59,-51.27,4.40,-67.06,0.00,0.00
4495.28,80.06,38.04,81.34,37.41,1943.95,719.30,-10.69,-31.41,-5.81,-16.23,10.64,-51.31,4.83,-67.54,0.00,0.00
4498.05,79.54,37.88,80.85,37.25,1933.30,713.63,-11.07,-31.57,-6.22,-16.06,10.70,-51.33,4.48,-67.39,0.00,0.00
4500.89,79.00,37.74,80.29,37.17,1922.84,706.03,-11.74,-30.52,-7.05,-13.42,10.77,-51.33,3.72,-64.76,0.00,0.00
4503.05,78.58,37.65,79.85,37.12,1914.91,699.46,-12.18,-29.36,-7.12,-11.99,10.83,-51.32,3.70,-63.31,0.00,0.00
4505.87,78.02,37.55,79.26,37.05,1904.09,691.00,-12.13,-28.45,-5.98,-12.60,10.90,-51.29,4.93,-63.89,0.00,0.00
4508.38,77.51,37.48,78.72,37.00,1894.43,682.93,-11.92,-27.59,-5.53,-12.08,10.98,-51.24,5.45,-63.32,0.00,0.00
4511.18,76.94,37.43,78.11,36.98,1884.10,673.29,-11.97,-26.49,-6.07,-11.28,11.06,-51.16,4.99,-62.44,0.00,0.00
4513.46,76.46,37.40,77.60,37.00,1875.97,664.65,-12.20,-25.24,-6.61,-9.89,11.14,-51.09,4.52,-60.98,0.00,0.00
4516.22,75.87,37.38,76.96,37.06,1866.48,653.25,-12.63,-23.20,-7.10,-7.90,11.23,-50.98,4.13,-58.88,0.00,0.00
4519.06,75.25,37.38,76.29,37.11,1856.28,641.45,-12.48,-21.55,-5.97,-7.88,11.33,-50.85,5.36,-58.73,0.00,0.00
4521.22,74.77,37.40,75.76,37.15,1848.50,632.07,-12.20,-20.21,-5.44,-7.00,11.41,-50.73,5.97,-57.73,0.00,0.00
4523.99,74.16,37.44,75.08,37.23,1838.48,619.65,-11.66,-18.56,-4.86,-6.31,11.52,-50.56,6.66,-56.87,0.00,0.00
4526.60,73.57,37.49,74.44,37.34,1829.81,607.28,-11.72,-16.71,-5.96,-4.81,11.63,-50.39,5.67,-55.20,0.00,0.00
4529.41,72.93,37.57,73.73,37.49,1820.69,593.24,-11.83,-14.46,-6.12,-3.22,11.75,-50.18,5.63,-53.40,0.00,0.00
4531.80,72.37,37.65,73.11,37.62,1812.75,580.94,-11.61,-12.55,-5.35,-2.28,11.86,-49.99,6.50,-52.26,0.00,0.00
4534.57,71.73,37.76,72.40,37.78,1803.77,566.70,-11.39,-10.74,-5.29,-2.12,11.98,-49.74,6.70,-51.86,0.00,0.00
4537.35,71.07,37.89,71.68,37.95,1794.65,552.04,-10.82,-8.91,-4.39,-1.14,12.12,-49.48,7.73,-50.62,0.00,0.00
4539.55,70.55,38.01,71.10,38.12,1787.95,539.96,-10.77,-7.29,-5.27,0.04,12.23,-49.25,6.96,-49.21,0.00,0.00
4542.04,69.95,38.16,70.45,38.32,1780.72,526.00,-10.92,-5.47,-5.75,0.91,12.36,-48.98,6.61,-48.07,0.00,0.00
4545.04,69.23,38.35,69.67,38.58,1772.22,508.93,-11.06,-3.38,-5.76,1.80,12.52,-48.64,6.75,-46.84,0.00,0.00
4547.17,68.72,38.50,69.12,38.77,1766.04,496.82,-10.87,-2.16,-5.00,1.78,12.63,-48.38,7.63,-46.60,0.00,0.00
4549.98,68.03,38.71,68.39,39.02,1758.22,480.83,-10.75,-0.83,-5.17,1.95,12.79,-48.02,7.62,-46.07,0.00,0.00
4552.81,67.34,38.94,67.65,39.29,1750.68,464.35,-10.75,0.55,-5.36,2.71,12.96,-47.63,7.59,-44.92,0.00,0.00
4554.93,66.82,39.13,67.11,39.52,1745.45,451.60,-11.00,1.78,-6.10,3.79,13.08,-47.33,6.98,-43.54,0.00,0.00
4557.72,66.14,39.38,66.39,39.83,1738.86,434.69,-11.43,3.27,-6.48,4.32,13.26,-46.92,6.77,-42.60,0.00,0.00
4560.53,65.44,39.66,65.66,40.14,1732.07,417.81,-11.49,4.30,-5.84,3.98,13.43,-46.48,7.59,-42.50,0.00,0.00
4562.69,64.91,39.88,65.11,40.39,1726.97,404.65,-11.50,5.07,-5.77,4.31,13.58,-46.12,7.80,-41.81,0.00,0.00
4565.13,64.31,40.14,64.48,40.68,1721.46,389.73,-11.55,5.87,-5.89,4.57,13.74,-45.71,7.84,-41.14,0.00,0.00
4568.17,63.56,40.49,63.71,41.07,1715.31,370.68,-12.10,7.02,-6.95,5.41,13.95,-45.18,7.00,-39.77,0.00,0.00
4570.37,63.01,40.74,63.17,41.36,1711.20,356.92,-12.65,7.67,-7.58,5.30,14.10,-44.78,6.52,-39.48,0.00,0.00
4572.77,62.42,41.04,62.57,41.68,1706.63,341.94,-12.99,8.17,-7.21,5.14,14.27,-44.32,7.06,-39.18,0.00,0.00
4575.73,61.69,41.41,61.84,42.07,1701.16,323.66,-13.32,8.40,-7.21,4.58,14.49,-43.74,7.28,-39.16,0.00,0.00
4577.96,61.15,41.70,61.29,42.39,1697.29,309.48,-13.64,8.78,-7.54,5.26,14.66,-43.29,7.12,-38.03,0.00,0.00
4580.31,60.57,42.02,60.73,42.73,1693.53,294.68,-14.10,9.00,-8.03,4.97,14.84,-42.80,6.81,-37.83,0.00,0.00
4583.40,59.82,42.45,59.99,43.18,1688.92,275.21,-14.76,9.03,-8.46,4.57,15.08,-42.13,6.63,-37.56,0.00,0.00
4585.66,59.27,42.78,59.46,43.52,1685.73,260.90,-15.22,9.03,-8.63,4.51,15.26,-41.62,6.63,-37.11,0.00,0.00
4588.01,58.70,43.13,58.90,43.87,1682.35,246.16,-15.44,8.81,-8.19,3.92,15.46,-41.09,7.27,-37.17,0.00,0.00
4590.85,58.02,43.56,58.24,44.30,1678.68,228.23,-15.87,8.49,-8.70,3.69,15.69,-40.42,6.99,-36.72,0.00,0.00
4593.18,57.46,43.92,57.71,44.67,1676.04,213.38,-16.39,8.30,-9.29,3.73,15.89,-39.85,6.60,-36.12,0.00,0.00
4595.58,56.89,44.30,57.16,45.07,1673.54,197.95,-16.93,8.12,-9.59,3.69,16.10,-39.25,6.52,-35.56,0.00,0.00
4598.32,56.25,44.75,56.54,45.51,1670.70,180.57,-17.31,7.63,-9.35,2.92,16.34,-38.55,7.00,-35.63,0.00,0.00
4600.70,55.69,45.15,56.01,45.89,1668.26,165.67,-17.44,6.94,-8.99,2.02,16.56,-37.92,7.57,-35.91,0.00,0.00
4603.16,55.13,45.57,55.47,46.30,1665.87,150.10,-17.47,6.37,-8.81,2.04,16.78,-37.26,7.98,-35.22,0.00,0.00
4606.03,54.47,46.07,54.84,46.78,1663.60,131.99,-17.76,5.59,-9.37,1.43,17.05,-36.47,7.68,-35.04,0.00,0.00
4608.44,53.93,46.49,54.32,47.20,1662.00,116.61,-18.05,5.09,-9.63,1.51,17.28,-35.79,7.65,-34.28,0.00,0.00
4610.97,53.37,46.95,53.78,47.64,1660.35,100.50,-18.15,4.50,-9.28,1.09,17.53,-35.06,8.25,-33.97,0.00,0.00
4613.12,52.89,47.35,53.33,48.02,1659.10,86.95,-18.19,3.84,-9.19,0.38,17.74,-34.42,8.55,-34.05,0.00,0.00
4615.88,52.29,47.86,52.75,48.50,1657.58,69.52,-18.07,2.99,-8.81,-0.03,18.02,-33.59,9.21,-33.62,0.00,0.00
4618.49,51.73,48.36,52.21,48.98,1656.53,53.00,-18.05,2.28,-8.99,-0.23,18.28,-32.78,9.29,-33.01,0.00,0.00
4620.58,51.29,48.76,51.79,49.36,1655.89,39.70,-18.04,1.79,-9.01,-0.29,18.50,-32.12,9.49,-32.41,0.00,0.00
4623.45,50.70,49.32,51.21,49.90,1655.23,21.45,-17.96,1.18,-8.84,-0.47,18.80,-31.20,9.96,-31.67,0.00,0.00
4626.13,50.15,49.85,50.68,50.41,1654.88,4.53,-17.85,0.47,-8.71,-1.07,19.09,-30.31,10.38,-31.39,0.00,0.00
4628.25,50.00,50.00,50.28,50.80,1654.71,-8.46,-17.68,8.46,-8.46,23.09,-19.96,-22.31,-28.41,0.78,0.00,0.00
4631.04,49.44,50.55,49.75,51.33,1654.73,-25.93,-17.88,7.64,-9.28,2.36,-20.56,-21.57,-29.84,-19.21,0.00,0.00
4633.82,48.86,51.10,49.22,51.84,1654.38,-42.78,-18.03,6.15,-9.30,0.39,-21.15,-20.82,-30.45,-20.42,0.00,0.00
4635.94,48.41,51.51,48.78,52.16,1652.49,-55.26,-16.76,4.61,-5.37,-1.33,-21.60,-20.22,-26.97,-21.56,0.00,0.00
4638.75,47.81,52.04,48.21,52.64,1650.79,-72.53,-16.17,3.31,-7.04,-0.67,-22.18,-19.42,-29.22,-20.09,0.00,0.00
4641.21,47.27,52.50,47.72,53.09,1650.29,-87.78,-16.91,2.18,-9.96,-1.19,-22.70,-18.70,-32.65,-19.89,0.00,0.00
4644.02,46.65,53.02,47.17,53.60,1649.52,-105.29,-17.86,1.07,-10.63,-1.44,-23.27,-17.86,-33.90,-19.30,0.00,0.00
4646.33,46.13,53.44,46.70,54.00,1648.44,-119.40,-18.45,-0.16,-10.49,-2.75,-23.74,-17.15,-34.23,-19.90,0.00,0.00
4649.13,45.49,53.94,46.12,54.46,1646.49,-136.45,-18.81,-1.76,-10.04,-3.72,-24.31,-16.27,-34.34,-19.99,0.00,0.00
4651.79,44.88,54.40,45.55,54.88,1644.03,-152.82,-18.82,-3.01,-9.45,-3.86,-24.83,-15.42,-34.28,-19.28,0.00,0.00
4654.59,44.22,54.88,44.93,55.33,1641.32,-170.22,-19.03,-4.12,-9.89,-4.05,-25.39,-14.50,-35.28,-18.55,0.00,0.00
4656.86,43.69,55.25,44.42,55.69,1638.82,-184.39,-19.12,-4.95,-9.75,-4.30,-25.83,-13.73,-35.58,-18.03,0.00,0.00
4659.66,43.02,55.71,43.79,56.11,1635.26,-201.64,-19.03,-6.14,-9.35,-5.19,-26.37,-12.77,-35.72,-17.96,0.00,0.00
4662.28,42.39,56.13,43.18,56.47,1631.30,-217.66,-18.59,-7.30,-8.45,-5.86,-26.87,-11.86,-35.32,-17.71,0.00,0.00
4665.07,41.71,56.56,42.52,56.86,1626.89,-234.78,-18.20,-8.38,-8.40,-6.14,-27.40,-10.86,-35.80,-17.00,0.00,0.00
4667.35,41.15,56.91,41.97,57.18,1623.20,-248.97,-18.00,-8.93,-8.56,-5.68,-27.83,-10.03,-36.38,-15.71,0.00,0.00
4670.15,40.46,57.32,41.29,57.57,1618.34,-266.40,-17.70,-9.58,-8.33,-5.94,-28.34,-8.99,-36.67,-14.93,0.00,0.00
4672.73,39.82,57.69,40.66,57.90,1613.42,-282.35,-17.24,-10.18,-7.73,-6.25,-28.82,-8.01,-36.55,-14.26,0.00,0.00
4675.53,39.12,58.07,39.95,58.24,1607.44,-299.33,-16.36,-10.94,-6.59,-6.84,-29.33,-6.93,-35.92,-13.77,0.00,0.00
4677.82,38.54,58.38,39.37,58.50,1602.17,-313.26,-15.47,-11.48,-5.81,-6.90,-29.74,-6.03,-35.54,-12.93,0.00,0.00
4680.63,37.84,58.74,38.64,58.83,1595.60,-330.58,-14.50,-11.64,-5.51,-6.10,-30.23,-4.91,-35.74,-11.01,0.00,0.00
4683.30,37.16,59.08,37.94,59.15,1589.31,-347.15,-13.80,-11.57,-5.61,-5.67,-30.70,-3.82,-36.31,-9.49,0.00,0.00
4686.07,36.46,59.41,37.21,59.45,1582.35,-364.15,-12.89,-11.48,-4.80,-5.58,-31.18,-2.67,-35.98,-8.25,0.00,0.00
4688.38,35.88,59.67,36.60,59.68,1576.20,-377.75,-11.96,-11.78,-3.96,-6.53,-31.58,-1.70,-35.54,-8.22,0.00,0.00
4691.18,35.17,59.98,35.87,59.95,1568.46,-394.19,-10.80,-12.01,-3.33,-6.43,-32.05,-0.50,-35.39,-6.93,0.00,0.00
4693.97,34.46,60.27,35.12,60.20,1560.46,-410.58,-9.59,-11.96,-2.63,-5.88,-32.52,0.72,-35.15,-5.16,0.00,0.00
4696.99,33.70,60.57,34.31,60.48,1551.76,-428.40,-8.52,-11.55,-2.49,-5.09,-33.02,2.06,-35.51,-3.02,0.00,0.00
4699.36,33.10,60.79,33.67,60.69,1544.73,-442.22,-7.69,-11.19,-2.10,-4.85,-33.40,3.14,-35.50,-1.71,0.00,0.00
4701.73,32.50,61.00,33.04,60.86,1537.24,-455.49,-6.56,-11.14,-0.88,-5.48,-33.79,4.22,-34.67,-1.25,0.00,0.00
4704.89,31.70,61.27,32.21,61.08,1527.20,-472.74,-5.25,-11.18,-0.55,-5.64,-34.29,5.69,-34.84,0.05,0.00,0.00
4707.11,31.15,61.44,31.62,61.24,1520.21,-484.85,-4.57,-10.97,-0.75,-5.00,-34.64,6.74,-35.39,1.74,0.00,0.00
4709.56,30.54,61.61,30.98,61.40,1512.34,-498.08,-3.83,-10.63,-0.42,-4.64,-35.02,7.92,-35.44,3.28,0.00,0.00
4712.58,29.79,61.81,30.19,61.59,1502.52,-514.09,-3.02,-10.12,-0.17,-4.21,-35.48,9.39,-35.65,5.18,0.00,0.00
4714.74,29.26,61.94,29.63,61.71,1495.27,-525.04,-2.37,-10.00,0.33,-4.73,-35.81,10.45,-35.48,5.72,0.00,0.00
4717.52,28.57,62.09,28.92,61.82,1485.56,-538.57,-1.37,-10.13,1.10,-5.29,-36.22,11.85,-35.12,6.56,0.00,0.00
4720.29,27.90,62.22,28.22,61.94,1475.96,-551.93,-0.62,-9.94,1.05,-4.63,-36.63,13.25,-35.58,8.63,0.00,0.00
4722.45,27.38,62.31,27.68,62.02,1468.38,-562.15,-0.08,-9.72,1.20,-4.36,-36.94,14.37,-35.74,10.01,0.00,0.00
4725.25,26.71,62.41,26.99,62.12,1458.69,-575.11,0.29,-9.37,0.80,-4.05,-37.35,15.83,-36.54,11.78,0.00,0.00
4727.84,26.10,62.49,26.36,62.19,1449.55,-586.43,0.62,-9.34,0.96,-4.61,-37.71,17.20,-36.75,12.59,0.00,0.00
4729.99,25.59,62.54,25.84,62.22,1441.57,-595.42,1.16,-9.43,1.83,-4.93,-38.01,18.35,-36.18,13.42,0.00,0.00
4732.78,24.95,62.59,25.20,62.25,1431.62,-606.58,1.32,-9.63,0.94,-5.16,-38.40,19.87,-37.46,14.71,0.00,0.00
4735.35,24.36,62.61,24.59,62.28,1422.15,-616.99,1.60,-9.26,1.34,-3.93,-38.75,21.28,-37.41,17.35,0.00,0.00
4737.47,23.88,62.62,24.12,62.29,1414.52,-624.97,1.54,-9.25,0.63,-4.61,-39.03,22.46,-38.40,17.85,0.00,0.00
4740.26,23.26,62.62,23.49,62.30,1404.44,-635.21,1.33,-9.09,0.29,-4.26,-39.40,24.03,-39.11,19.77,0.00,0.00
4742.77,22.71,62.59,22.94,62.26,1394.72,-643.56,1.65,-9.36,1.47,-5.20,-39.73,25.46,-38.26,20.25,0.00,0.00
4745.78,22.06,62.54,22.31,62.20,1383.39,-653.03,1.51,-9.68,0.53,-5.38,-40.11,27.20,-39.58,21.81,0.00,0.00
4748.19,21.55,62.48,21.80,62.15,1374.27,-660.52,1.32,-9.57,0.27,-4.54,-40.42,28.61,-40.14,24.07,0.00,0.00
4750.67,21.03,62.40,21.30,62.08,1364.95,-667.53,0.94,-9.72,-0.31,-5.16,-40.72,30.07,-41.03,24.91,0.00,0.00
4753.52,20.45,62.29,20.73,61.98,1354.05,-675.20,0.51,-9.74,-0.49,-4.91,-41.07,31.78,-41.57,26.87,0.00,0.00
4755.92,19.98,62.18,20.27,61.88,1344.74,-681.09,0.20,-9.83,-0.54,-5.11,-41.36,33.23,-41.90,28.12,0.00,0.00
4758.31,19.51,62.05,19.82,61.75,1335.40,-686.34,-0.19,-10.13,-0.92,-5.67,-41.64,34.70,-42.56,29.03,0.00,0.00
4761.12,18.98,61.88,19.31,61.59,1324.35,-692.16,-0.68,-10.23,-1.22,-5.31,-41.97,36.44,-43.19,31.13,0.00,0.00
4763.44,18.55,61.72,18.90,61.45,1315.32,-696.51,-1.29,-10.31,-1.97,-5.31,-42.23,37.89,-44.20,32.58,0.00,0.00
4766.22,18.04,61.51,18.41,61.25,1304.09,-701.37,-1.78,-10.19,-1.77,-4.88,-42.55,39.66,-44.32,34.78,0.00,0.00
4769.06,17.55,61.27,17.94,61.03,1292.77,-705.37,-2.54,-10.35,-2.60,-5.46,-42.86,41.48,-45.47,36.02,0.00,0.00
4772.11,17.03,60.98,17.45,60.74,1280.03,-708.64,-2.90,-10.77,-2.04,-6.09,-43.19,43.46,-45.23,37.38,0.00,0.00
4774.55,16.64,60.73,17.09,60.51,1270.21,-710.82,-3.67,-10.97,-3.40,-5.90,-43.45,45.06,-46.85,39.17,0.00,0.00
4776.95,16.26,60.46,16.74,60.26,1260.41,-712.44,-4.40,-11.17,-3.73,-6.00,-43.70,46.66,-47.43,40.66,0.00,0.00
4780.01,15.80,60.10,16.32,59.92,1248.06,-713.85,-5.57,-11.33,-4.71,-5.92,-44.01,48.71,-48.72,42.79,0.00,0.00
4782.24,15.48,59.81,16.02,59.65,1238.76,-714.22,-6.23,-11.55,-4.59,-6.26,-44.23,50.22,-48.83,43.96,0.00,0.00
4785.02,15.09,59.43,15.67,59.29,1227.12,-714.02,-7.08,-11.82,-5.06,-6.41,-44.51,52.12,-49.57,45.71,0.00,0.00
4787.78,14.73,59.03,15.34,58.89,1215.19,-712.92,-7.68,-12.27,-4.92,-6.93,-44.77,54.04,-49.69,47.11,0.00,0.00
4790.71,14.37,58.58,15.01,58.46,1202.64,-711.30,-8.50,-12.38,-5.66,-6.38,-45.05,56.09,-50.71,49.71,0.00,0.00
4793.12,14.09,58.18,14.75,58.08,1192.16,-709.30,-9.12,-12.48,-5.85,-6.46,-45.27,57.79,-51.12,51.33,0.00,0.00
4795.46,13.83,57.77,14.52,57.70,1182.16,-706.93,-9.99,-12.45,-6.84,-6.14,-45.48,59.47,-52.32,53.33,0.00,0.00
4798.37,13.53,57.24,14.23,57.19,1169.11,-703.26,-10.49,-12.34,-6.11,-5.98,-45.74,61.57,-51.85,55.59,0.00,0.00
4800.58,13.32,56.82,14.03,56.78,1159.22,-699.92,-10.97,-12.21,-6.56,-5.81,-45.93,63.18,-52.49,57.37,0.00,0.00
4803.40,13.07,56.26,13.79,56.25,1146.57,-695.10,-11.57,-11.85,-6.86,-5.29,-46.17,65.25,-53.02,59.96,0.00,0.00
4806.04,12.86,55.70,13.59,55.71,1134.39,-689.61,-11.91,-11.71,-6.61,-5.58,-46.38,67.21,-52.99,61.62,0.00,0.00
4808.82,12.67,55.09,13.38,55.12,1121.47,-683.26,-12.25,-11.28,-6.74,-4.88,-46.61,69.29,-53.34,64.42,0.00,0.00
4811.13,12.52,54.56,13.23,54.61,1110.71,-677.40,-12.54,-10.86,-6.89,-4.53,-46.79,71.04,-53.68,66.51,0.00,0.00
4813.92,12.37,53.89,13.07,53.97,1097.48,-669.64,-12.77,-10.19,-6.80,-3.88,-47.00,73.18,-53.80,69.30,0.00,0.00
4816.71,12.24,53.20,12.94,53.31,1084.47,-660.83,-13.20,-9.71,-7.37,-4.00,-47.21,75.33,-54.58,71.32,0.00,0.00
4819.60,12.14,52.45,12.82,52.59,1070.72,-651.09,-13.47,-8.83,-7.20,-2.88,-47.41,77.58,-54.61,74.69,0.00,0.00
4821.99,12.07,51.80,12.74,51.96,1059.18,-642.08,-13.59,-8.28,-7.05,-3.00,-47.58,79.46,-54.63,76.46,0.00,0.00
4824.77,12.02,51.02,12.67,51.22,1045.93,-631.12,-13.92,-7.28,-7.54,-1.84,-47.77,81.67,-55.31,79.83,0.00,0.00
4827.59,12.00,50.20,12.63,50.43,1032.24,-618.77,-14.03,-6.53,-7.21,-1.93,-47.96,83.92,-55.17,81.99,0.00,0.00
4829.76,12.00,50.00,12.62,49.80,1021.74,-608.60,-6.79,-13.47,13.25,-22.68,45.60,-9.48,58.85,-32.16,0.00,0.00
4832.60,12.01,49.17,12.61,48.94,1007.63,-594.80,-6.09,-13.37,-1.82,-6.51,46.10,-9.41,44.28,-15.92,0.00,0.00
4835.22,12.05,48.42,12.65,48.25,996.93,-582.78,-6.91,-12.58,-5.01,-4.78,46.54,-9.35,41.54,-14.13,0.00,0.00
4838.09,12.13,47.64,12.76,47.60,988.08,-570.39,-9.73,-10.95,-9.78,-2.64,47.01,-9.29,37.23,-11.93,0.00,0.00
4840.48,12.21,47.01,12.81,46.95,978.41,-558.85,-9.00,-10.89,-2.98,-5.31,47.38,-9.24,44.41,-14.55,0.00,0.00
4842.88,12.31,46.40,12.85,46.25,967.47,-546.86,-6.34,-11.31,2.41,-6.53,47.74,-9.20,50.15,-15.73,0.00,0.00
4845.64,12.45,45.73,12.93,45.48,956.19,-532.92,-3.79,-11.91,2.70,-7.04,48.13,-9.16,50.83,-16.20,0.00,0.00
4848.00,12.59,45.18,13.01,44.91,948.24,-522.16,-2.59,-11.35,1.26,-4.50,48.45,-9.13,49.71,-13.64,0.00,0.00
4850.32,12.74,44.66,13.12,44.42,941.93,-512.47,-2.30,-9.97,-0.52,-1.99,48.75,-9.11,48.22,-11.10,0.00,0.00
4853.49,12.98,43.97,13.25,43.73,932.82,-498.93,-0.43,-8.44,2.73,-1.80,49.13,-9.08,51.86,-10.88,0.00,0.00
4855.77,13.17,43.51,13.36,43.20,925.83,-488.54,2.02,-8.05,6.39,-3.19,49.39,-9.07,55.79,-12.26,0.00,0.00
4858.05,13.38,43.06,13.47,42.69,919.32,-478.43,4.55,-7.43,7.82,-2.34,49.64,-9.06,57.46,-11.40,0.00,0.00
4861.17,13.69,42.47,13.65,42.10,912.71,-465.73,6.62,-5.52,6.62,0.29,49.96,-9.05,56.58,-8.76,0.00,0.00
4863.50,13.93,42.06,13.81,41.72,909.13,-456.83,7.47,-3.59,5.57,2.34,50.18,-9.05,55.75,-6.70,0.00,0.00
4866.02,14.22,41.63,14.01,41.29,905.31,-446.68,8.98,-2.12,7.48,1.87,50.40,-9.05,57.88,-7.18,0.00,0.00
4868.13,14.47,41.29,14.17,40.93,901.92,-438.07,10.91,-1.03,10.03,2.06,50.57,-9.06,60.60,-6.99,0.00,0.00
4870.57,14.78,40.92,14.38,40.51,898.54,-427.85,13.17,-0.12,11.22,1.81,50.75,-9.07,61.98,-7.26,0.00,0.00
4873.62,15.18,40.48,14.66,40.06,895.70,-415.77,15.42,1.60,11.40,3.62,50.96,-9.09,62.36,-5.47,0.00,0.00
4875.82,15.48,40.18,14.88,39.78,894.91,-407.61,16.35,3.33,10.28,5.59,51.09,-9.11,61.37,-3.52,0.00,0.00
4878.16,15.82,39.88,15.13,39.51,894.39,-399.09,17.52,5.24,11.26,6.70,51.22,-9.14,62.48,-2.43,0.00,0.00
4880.90,16.24,39.55,15.43,39.17,893.97,-388.63,19.34,6.92,12.98,6.53,51.36,-9.17,64.34,-2.64,0.00,0.00
4883.30,16.61,39.29,15.73,38.90,894.32,-379.23,20.77,8.01,13.37,6.29,51.45,-9.21,64.83,-2.92,0.00,0.00
4885.87,17.03,39.02,16.07,38.63,895.48,-369.32,22.09,9.28,13.61,7.11,51.54,-9.25,65.15,-2.14,0.00,0.00
4887.99,17.38,38.82,16.37,38.43,897.15,-361.14,22.90,10.24,13.36,7.37,51.60,-9.29,64.97,-1.92,0.00,0.00
4890.74,17.86,38.58,16.77,38.22,900.12,-351.08,23.73,11.90,13.36,8.98,51.67,-9.35,65.03,-0.37,0.00,0.00
4893.54,18.36,38.35,17.20,38.02,904.05,-340.82,24.31,13.47,13.21,9.54,51.71,-9.41,64.91,0.13,0.00,0.00
4895.69,18.75,38.20,17.56,37.88,907.61,-332.64,24.67,14.31,13.16,9.08,51.73,-9.46,64.89,-0.38,0.00,0.00
4898.16,19.21,38.04,17.99,37.73,912.10,-323.24,25.12,15.09,13.48,9.15,51.73,-9.53,65.21,-0.38,0.00,0.00
4900.92,19.75,37.88,18.49,37.57,917.70,-312.39,25.64,15.57,13.76,8.63,51.72,-9.61,65.47,-0.98,0.00,0.00
4903.26,20.21,37.76,18.92,37.47,923.19,-303.62,25.77,16.23,13.15,9.54,51.69,-9.68,64.84,-0.14,0.00,0.00
4905.63,20.68,37.66,19.39,37.41,929.87,-295.03,25.23,17.14,11.49,10.47,51.65,-9.76,63.13,0.71,0.00,0.00
4908.55,21.28,37.56,19.98,37.36,938.73,-284.48,24.48,18.08,10.95,10.67,51.58,-9.86,62.53,0.81,0.00,0.00
4910.95,21.79,37.49,20.50,37.31,946.28,-275.19,24.06,18.13,11.16,9.17,51.50,-9.95,62.66,-0.77,0.00,0.00
4913.53,22.34,37.43,21.06,37.25,954.55,-265.06,23.91,17.90,11.67,8.50,51.40,-10.04,63.07,-1.55,0.00,0.00
4915.65,22.80,37.40,21.54,37.25,962.32,-257.19,23.15,18.07,9.78,9.43,51.30,-10.13,61.08,-0.70,0.00,0.00
4918.39,23.40,37.38,22.17,37.28,973.25,-247.43,21.75,18.56,8.32,10.17,51.16,-10.25,59.49,-0.08,0.00,0.00
4921.08,24.00,37.38,22.80,37.35,984.58,-238.16,20.22,19.17,7.27,10.72,51.01,-10.37,58.28,0.35,0.00,0.00
4923.19,24.48,37.39,23.30,37.38,993.26,-230.54,19.55,19.17,8.17,9.58,50.87,-10.46,59.04,-0.88,0.00,0.00
4925.99,25.12,37.42,23.98,37.42,1005.15,-219.90,18.72,18.51,7.89,8.08,50.67,-10.60,58.56,-2.52,0.00,0.00
4928.79,25.77,37.48,24.69,37.51,1018.16,-209.90,17.23,18.29,5.96,8.75,50.45,-10.74,56.41,-1.99,0.00,0.00
4930.96,26.28,37.53,25.25,37.61,1029.01,-202.26,15.63,18.09,4.11,8.60,50.27,-10.85,54.38,-2.25,0.00,0.00
4933.45,26.87,37.61,25.89,37.73,1041.56,-193.78,14.02,18.02,3.79,8.87,50.04,-10.99,53.83,-2.12,0.00,0.00
4936.25,27.54,37.71,26.62,37.87,1055.73,-184.24,12.57,17.77,3.70,8.43,49.76,-11.14,53.46,-2.72,0.00,0.00
4938.48,28.08,37.81,27.20,37.98,1067.09,-176.55,11.62,17.30,3.66,7.61,49.53,-11.27,53.19,-3.66,0.00,0.00
4940.90,28.67,37.93,27.84,38.13,1080.05,-168.42,10.27,16.89,2.36,7.61,49.26,-11.42,51.62,-3.81,0.00,0.00
4943.70,29.36,38.08,28.60,38.33,1095.79,-159.30,8.32,16.50,0.67,7.54,48.93,-11.59,49.59,-4.06,0.00,0.00
4945.97,29.92,38.22,29.22,38.52,1108.93,-152.12,6.59,16.20,-0.51,7.46,48.64,-11.74,48.13,-4.28,0.00,0.00
4948.32,30.51,38.38,29.87,38.70,1122.57,-144.56,5.08,15.67,-0.66,6.71,48.33,-11.89,47.67,-5.18,0.00,0.00
4951.16,31.21,38.58,30.65,38.92,1138.85,-135.51,3.75,14.88,-0.48,6.04,47.94,-12.08,47.46,-6.05,0.00,0.00
4953.51,31.80,38.77,31.28,39.12,1152.61,-128.34,2.60,14.36,-1.14,6.08,47.60,-12.25,46.46,-6.17,0.00,0.00
4955.89,32.40,38.96,31.94,39.35,1166.98,-121.31,1.27,13.92,-2.16,6.03,47.24,-12.42,45.08,-6.39,0.00,0.00
4958.63,33.09,39.20,32.69,39.63,1183.85,-113.71,-0.34,13.68,-3.11,6.41,46.81,-12.62,43.70,-6.21,0.00,0.00
4961.02,33.70,39.43,33.33,39.88,1198.51,-107.23,-1.46,13.43,-3.08,6.20,46.41,-12.80,43.34,-6.60,0.00,0.00
4963.47,34.32,39.67,37.28,43.43,1321.16,-100.72,-110.03,13.14,-276.85,5.96,46.00,-12.99,-100.00,-7.03,0.00,0.00
4966.44,35.07,39.97,34.79,40.46,1231.86,-92.94,-3.38,12.64,177.94,5.48,45.47,-13.23,100.00,-7.75,0.00,0.00
4968.66,35.63,40.22,35.32,40.65,1243.73,-87.30,-2.05,12.26,1.96,5.29,45.05,-13.41,47.02,-8.12,0.00,0.00
4971.12,36.26,40.50,35.89,40.88,1256.67,-81.65,-0.24,12.25,3.57,6.11,44.58,-13.61,48.15,-7.50,0.00,0.00
4973.88,36.95,40.82,36.66,41.33,1276.75,-76.35,-3.55,13.05,-7.77,7.98,44.04,-13.85,36.26,-5.87,0.00,0.00
4976.15,37.53,41.10,37.23,41.65,1291.32,-72.29,-4.16,13.82,-3.43,8.59,43.57,-14.05,40.14,-5.46,0.00,0.00
4978.50,38.12,41.40,37.80,41.92,1305.08,-67.43,-3.33,13.77,0.10,6.80,43.07,-14.26,43.17,-7.46,0.00,0.00
4981.53,38.88,41.80,38.52,42.28,1322.74,-61.57,-1.99,13.84,1.22,7.03,42.41,-14.53,43.63,-7.51,0.00,0.00
4983.83,39.46,42.11,39.05,42.56,1335.90,-57.46,-0.65,14.00,2.59,7.35,41.89,-14.75,44.49,-7.39,0.00,0.00
4986.23,40.05,42.45,39.63,42.90,1351.00,-53.53,-0.44,14.34,0.22,7.89,41.34,-14.98,41.56,-7.09,0.00,0.00
4988.38,40.59,42.76,40.15,43.24,1365.06,-50.60,-0.68,15.08,-0.90,9.26,40.82,-15.19,39.93,-5.93,0.00,0.00
4991.15,41.27,43.17,40.81,43.64,1382.51,-46.27,-0.26,15.21,0.63,7.84,40.15,-15.46,40.78,-7.62,0.00,0.00
4993.70,41.89,43.55,41.40,43.99,1397.98,-42.43,0.83,15.22,2.54,7.63,39.51,-15.72,42.05,-8.08,0.00,0.00
4995.84,42.41,43.89,41.89,44.32,1411.23,-39.75,1.52,15.59,2.40,8.65,38.96,-15.94,41.36,-7.28,0.00,0.00
4998.56,43.07,44.32,42.50,44.73,1427.99,-36.63,2.64,16.11,3.36,9.01,38.24,-16.22,41.60,-7.21,0.00,0.00
5001.35,43.73,44.78,43.13,45.18,1445.61,-33.62,3.34,16.52,2.93,9.01,37.48,-16.52,40.42,-7.52,0.00,0.00
5003.53,44.25,45.14,43.63,45.53,1459.65,-31.16,3.71,16.54,2.69,8.30,36.88,-16.76,39.56,-8.46,0.00,0.00
5005.90,44.80,45.55,44.17,45.93,1475.06,-28.83,3.98,16.68,2.56,8.65,36.20,-17.02,38.77,-8.37,0.00,0.00
5008.64,45.44,46.02,44.79,46.38,1492.46,-26.15,4.76,16.59,3.80,8.13,35.41,-17.33,39.21,-9.20,0.00,0.00
5011.01,45.98,46.44,45.31,46.78,1507.60,-24.10,5.40,16.55,4.05,8.19,34.70,-17.60,38.75,-9.41,0.00,0.00
5013.51,46.54,46.89,45.86,47.21,1523.62,-22.21,5.96,16.52,4.09,8.19,33.94,-17.89,38.03,-9.70,0.00,0.00
5015.59,47.01,47.27,46.32,47.58,1537.06,-20.61,6.34,16.26,4.08,7.53,33.30,-18.14,37.37,-10.61,0.00,0.00
5018.38,47.62,47.79,46.93,48.08,1555.37,-18.90,6.57,16.08,3.71,7.72,32.41,-18.47,36.12,-10.76,0.00,0.00
5021.16,48.22,48.32,47.53,48.60,1573.65,-17.58,6.67,15.96,3.51,7.76,31.51,-18.81,35.02,-11.05,0.00,0.00
5023.32,48.68,48.73,47.98,49.00,1587.64,-16.61,7.00,15.70,4.25,7.25,30.80,-19.08,35.05,-11.83,0.00,0.00
5025.73,49.18,49.20,48.49,49.44,1603.11,-15.69,7.42,15.33,4.58,6.89,29.99,-19.39,34.57,-12.49,0.00,0.00
5028.67,49.78,49.78,49.09,50.00,1622.19,-14.96,7.68,14.94,4.30,6.80,28.98,-19.76,33.28,-12.96,0.00,0.00
5030.91,50.00,50.00,49.54,50.43,1636.51,-14.66,0.51,14.66,-15.76,6.70,38.38,-22.86,22.62,-16.16,0.00,0.00
5033.50,50.51,50.52,50.07,50.95,1653.69,-14.50,0.29,14.36,-0.28,6.62,37.50,-22.70,37.22,-16.08,0.00,0.00
5036.22,51.05,51.08,50.59,51.49,1671.10,-14.68,0.83,14.09,1.40,6.55,36.56,-22.53,37.96,-15.97,0.00,0.00
5038.53,51.49,51.57,51.03,51.94,1685.64,-14.94,1.49,13.74,2.18,6.11,35.74,-22.38,37.92,-16.26,0.00,0.00
5040.87,51.94,52.06,51.46,52.43,1700.69,-15.80,1.87,13.76,1.76,6.91,34.90,-22.22,36.67,-15.31,0.00,0.00
5043.68,52.47,52.67,51.98,53.01,1718.69,-16.87,2.44,13.53,2.24,6.37,33.88,-22.03,36.12,-15.66,0.00,0.00
5046.10,52.91,53.20,52.43,53.52,1734.31,-17.80,2.83,13.08,2.21,5.61,32.97,-21.86,35.18,-16.24,0.00,0.00
5048.65,53.38,53.77,52.89,54.04,1750.46,-18.90,3.52,12.49,3.11,5.08,32.01,-21.67,35.12,-16.59,0.00,0.00
5050.76,53.75,54.24,53.26,54.49,1763.93,-20.10,3.95,12.11,3.02,5.15,31.20,-21.52,34.22,-16.37,0.00,0.00
5053.50,54.23,54.86,53.75,55.08,1781.53,-21.75,4.41,11.44,3.03,4.49,30.13,-21.31,33.16,-16.82,0.00,0.00
5056.23,54.70,55.49,54.23,55.68,1799.18,-23.73,4.76,10.81,3.01,4.27,29.04,-21.10,32.05,-16.84,0.00,0.00
5058.36,55.06,55.98,54.60,56.14,1812.84,-25.33,5.00,10.21,3.07,3.68,28.18,-20.94,31.25,-17.26,0.00,0.00
5061.15,55.52,56.64,55.08,56.76,1830.88,-27.60,5.24,9.30,3.05,3.03,27.03,-20.71,30.09,-17.68,0.00,0.00
5063.90,55.96,57.29,55.55,57.38,1848.66,-30.08,5.34,8.39,2.86,2.54,25.89,-20.49,28.74,-17.95,0.00,0.00
5066.16,56.32,57.83,55.92,57.89,1862.98,-32.30,5.63,7.62,3.46,2.10,24.93,-20.30,28.38,-18.20,0.00,0.00
5068.47,56.67,58.38,56.29,58.41,1877.62,-34.74,5.81,6.82,3.29,1.68,23.94,-20.10,27.23,-18.42,0.00,0.00
5070.61,57.00,58.90,56.63,58.90,1891.18,-37.20,6.01,6.09,3.46,1.35,23.00,-19.91,26.46,-18.56,0.00,0.00
5073.35,57.40,59.56,57.05,59.53,1908.47,-40.52,6.14,5.11,3.30,0.76,21.79,-19.67,25.10,-18.91,0.00,0.00
5075.93,57.76,60.19,57.44,60.13,1924.68,-43.97,6.19,4.27,3.21,0.52,20.64,-19.44,23.85,-18.92,0.00,0.00
5078.06,58.06,60.71,57.75,60.63,1937.91,-47.02,6.30,3.62,3.39,0.27,19.67,-19.24,23.06,-18.97,0.00,0.00
5080.48,58.38,61.30,58.09,61.19,1952.68,-50.65,6.54,2.85,3.76,-0.16,18.56,-19.01,22.32,-19.18,0.00,0.00
5083.44,58.76,62.03,58.50,61.88,1970.72,-55.42,6.68,1.98,3.57,-0.49,17.17,-18.73,20.74,-19.22,0.00,0.00
5085.66,59.04,62.58,58.79,62.41,1984.10,-59.28,6.79,1.42,3.66,-0.54,16.12,-18.52,19.78,-19.06,0.00,0.00
5088.00,59.32,63.15,59.09,62.96,1998.07,-63.37,6.88,0.68,3.63,-1.25,15.00,-18.28,18.63,-19.53,0.00,0.00
5090.90,59.66,63.87,59.45,63.65,2015.12,-68.71,7.08,-0.23,3.89,-1.67,13.59,-17.99,17.48,-19.66,0.00,0.00
5093.25,59.92,64.45,59.72,64.21,2028.77,-73.43,7.19,-0.74,3.83,-1.47,12.43,-17.75,16.26,-19.22,0.00,0.00
5095.63,60.17,65.04,59.99,64.78,2042.48,-78.38,7.25,-1.29,3.75,-1.79,11.24,-17.50,14.99,-19.30,0.00,0.00
5098.56,60.47,65.76,60.29,65.48,2058.91,-84.84,7.45,-1.80,4.06,-1.78,9.76,-17.19,13.82,-18.97,0.00,0.00
5100.94,60.70,66.35,60.53,66.04,2072.01,-90.20,7.70,-2.32,4.37,-2.25,8.54,-16.94,12.91,-19.19,0.00,0.00
5103.41,60.92,66.95,60.77,66.63,2085.50,-95.98,7.82,-2.82,4.16,-2.42,7.25,-16.67,11.42,-19.09,0.00,0.00
5105.56,61.10,67.48,60.95,67.14,2096.86,-101.21,8.10,-3.19,4.70,-2.46,6.13,-16.43,10.83,-18.89,0.00,0.00
5108.32,61.33,68.15,61.19,67.80,2111.56,-108.33,8.06,-3.45,3.95,-2.20,4.66,-16.12,8.61,-18.32,0.00,0.00
5110.99,61.53,68.80,61.39,68.43,2125.21,-115.38,8.29,-3.74,4.57,-2.42,3.23,-15.81,7.80,-18.24,0.00,0.00
5113.12,61.67,69.32,61.54,68.94,2136.02,-121.07,8.35,-4.07,4.32,-2.81,2.07,-15.57,6.39,-18.38,0.00,0.00
5115.57,61.83,69.91,61.70,69.52,2148.06,-127.90,8.54,-4.31,4.65,-2.63,0.72,-15.28,5.37,-17.91,0.00,0.00
5118.52,62.00,70.61,61.87,70.21,2162.16,-136.54,8.77,-4.39,4.77,-2.33,-0.92,-14.93,3.85,-17.26,0.00,0.00
5120.70,62.12,71.13,61.98,70.73,2172.51,-143.13,8.76,-4.40,4.36,-2.23,-2.15,-14.66,2.20,-16.89,0.00,0.00
5123.16,62.23,71.71,62.09,71.30,2183.63,-150.82,9.01,-4.31,5.01,-1.96,-3.55,-14.36,1.46,-16.32,0.00,0.00
5125.96,62.35,72.36,62.20,71.94,2195.91,-159.59,9.29,-4.38,5.14,-2.32,-5.17,-14.01,-0.02,-16.33,0.00,0.00
5128.25,62.42,72.89,62.27,72.46,2205.56,-166.93,9.58,-4.40,5.42,-2.25,-6.50,-13.72,-1.08,-15.97,0.00,0.00
5131.01,62.50,73.52,62.32,73.07,2216.30,-176.07,10.47,-4.35,6.85,-2.07,-8.13,-13.37,-1.28,-15.44,0.00,0.00
5133.79,62.56,74.15,62.35,73.66,2226.50,-185.25,11.50,-4.46,7.60,-2.43,-9.78,-13.01,-2.18,-15.43,0.00,0.00
5136.04,62.60,74.65,62.38,74.16,2235.16,-192.94,11.63,-4.46,6.11,-2.24,-11.14,-12.71,-5.03,-14.95,0.00,0.00
5138.81,62.62,75.26,62.39,74.78,2245.59,-202.85,11.58,-4.17,5.69,-1.57,-12.83,-12.34,-7.14,-13.91,0.00,0.00
5141.64,62.62,75.88,62.39,75.40,2255.75,-212.98,11.51,-4.02,5.63,-1.75,-14.57,-11.96,-8.94,-13.71,0.00,0.00
5143.78,62.61,76.34,62.38,75.87,2263.26,-220.78,11.32,-3.94,5.22,-1.77,-15.91,-11.67,-10.69,-13.43,0.00,0.00
5146.57,62.58,76.92,62.36,76.46,2272.40,-230.80,11.22,-4.08,5.44,-2.29,-17.66,-11.28,-12.22,-13.57,0.00,0.00
5149.12,62.53,77.45,62.31,76.99,2280.44,-240.31,11.01,-4.02,5.08,-1.89,-19.28,-10.92,-14.20,-12.81,0.00,0.00
5152.02,62.45,78.04,62.25,77.60,2289.36,-251.19,10.44,-4.07,4.25,-2.12,-21.15,-10.51,-16.90,-12.63,0.00,0.00
5154.34,62.37,78.50,62.19,78.07,2296.20,-259.94,9.84,-4.16,3.61,-2.27,-22.65,-10.17,-19.04,-12.45,0.00,0.00
5157.11,62.25,79.04,62.11,78.62,2303.78,-270.42,9.22,-4.42,3.49,-2.68,-24.47,-9.77,-20.98,-12.45,0.00,0.00
5159.91,62.11,79.57,62.01,79.17,2311.20,-280.94,8.24,-4.91,2.37,-3.32,-26.33,-9.36,-23.96,-12.68,0.00,0.00
5162.06,61.99,79.97,61.92,79.58,2316.35,-289.14,7.61,-5.22,2.35,-3.35,-27.76,-9.04,-25.41,-12.39,0.00,0.00
5164.88,61.81,80.49,61.79,80.11,2323.00,-299.95,6.38,-5.79,1.00,-3.90,-29.68,-8.61,-28.68,-12.51,0.00,0.00
5167.58,61.61,80.96,61.64,80.61,2328.72,-310.50,5.23,-6.22,0.49,-3.91,-31.52,-8.20,-31.02,-12.11,0.00,0.00
5169.73,61.44,81.33,61.51,80.99,2332.89,-318.87,4.28,-6.71,-0.08,-4.48,-33.00,-7.86,-33.07,-12.34,0.00,0.00
5172.53,61.20,81.80,61.33,81.48,2337.94,-329.90,2.85,-7.33,-1.14,-4.79,-34.94,-7.43,-36.08,-12.21,0.00,0.00
5175.03,60.95,82.20,61.15,81.91,2341.94,-339.89,1.52,-7.89,-1.87,-5.06,-36.70,-7.03,-38.58,-12.09,0.00,0.00
5177.79,60.67,82.63,60.92,82.36,2345.59,-350.93,0.19,-8.57,-2.33,-5.52,-38.66,-6.59,-40.99,-12.11,0.00,0.00
5180.13,60.40,82.98,60.71,82.73,2348.21,-360.40,-0.98,-9.18,-2.99,-5.88,-40.33,-6.21,-43.33,-12.09,0.00,0.00
5182.91,60.07,83.38,60.44,83.15,2350.62,-371.82,-2.33,-9.80,-3.59,-6.03,-42.34,-5.76,-45.93,-11.79,0.00,0.00
5185.74,59.70,83.77,60.15,83.57,2352.69,-383.38,-4.04,-10.62,-5.04,-6.76,-44.40,-5.29,-49.44,-12.04,0.00,0.00
5187.91,59.40,84.06,59.91,83.88,2353.74,-392.39,-5.33,-11.23,-5.62,-7.02,-46.00,-4.93,-51.62,-11.94,0.00,0.00
5190.77,58.98,84.42,59.55,84.26,2354.27,-404.43,-6.84,-11.94,-6.08,-7.21,-48.12,-4.44,-54.20,-11.65,0.00,0.00
5193.24,58.60,84.71,59.23,84.58,2354.20,-414.91,-8.27,-12.56,-7.03,-7.55,-49.97,-4.02,-57.00,-11.57,0.00,0.00
5196.06,58.13,85.02,58.83,84.91,2352.97,-427.02,-9.48,-13.22,-6.89,-7.78,-52.10,-3.53,-58.99,-11.31,0.00,0.00
5198.33,57.74,85.26,58.48,85.16,2351.39,-436.88,-10.44,-13.69,-7.33,-7.87,-53.83,-3.14,-61.15,-11.01,0.00,0.00
5201.13,57.23,85.54,58.01,85.46,2348.69,-449.36,-11.60,-14.09,-7.87,-7.76,-55.98,-2.65,-63.85,-10.41,0.00,0.00
5203.78,56.72,85.78,57.55,85.73,2345.57,-461.21,-12.88,-14.52,-8.87,-8.07,-58.04,-2.18,-66.90,-10.25,0.00,0.00
5206.56,56.15,86.01,57.04,85.99,2341.35,-473.97,-14.10,-14.76,-9.23,-7.81,-60.22,-1.68,-69.45,-9.48,0.00,0.00
5208.87,55.67,86.18,56.59,86.19,2337.26,-484.56,-15.13,-14.98,-9.81,-7.97,-62.04,-1.26,-71.84,-9.22,0.00,0.00
5211.65,55.05,86.37,56.02,86.40,2331.35,-497.29,-16.19,-15.41,-9.99,-8.49,-64.25,-0.75,-74.24,-9.24,0.00,0.00
5214.39,54.42,86.53,55.42,86.58,2324.52,-510.07,-17.03,-15.62,-10.05,-8.19,-66.45,-0.24,-76.50,-8.43,0.00,0.00
5217.41,53.69,86.69,54.72,86.75,2315.93,-524.36,-17.91,-15.80,-10.41,-8.20,-68.90,0.32,-79.31,-7.88,0.00,0.00
5219.74,53.11,86.78,54.17,86.88,2309.05,-535.50,-19.03,-15.84,-11.92,-8.01,-70.80,0.76,-82.71,-7.25,0.00,0.00
5222.54,52.37,86.88,53.47,86.99,2299.38,-548.79,-19.80,-16.05,-11.28,-8.40,-73.10,1.29,-84.38,-7.11,0.00,0.00
5225.39,51.60,86.95,52.73,87.09,2288.79,-562.41,-20.81,-16.28,-12.19,-8.54,-75.47,1.84,-87.66,-6.70,0.00,0.00
5228.34,50.76,86.99,51.91,87.14,2276.29,-576.61,-21.36,-16.50,-11.60,-8.62,-77.94,2.42,-89.55,-6.21,0.00,0.00
5230.78,50.04,87.00,51.22,87.17,2265.57,-588.56,-22.21,-16.50,-12.85,-8.25,-80.01,2.90,-92.85,-5.35,0.00,0.00
5233.56,50.00,87.00,50.39,87.20,2252.34,-602.47,-9.62,-3.23,17.80,22.22,-41.11,41.19,-23.30,63.41,0.00,0.00
5236.33,49.18,86.99,49.54,87.17,2237.95,-616.09,-8.80,-2.73,-2.91,-0.47,-40.40,41.51,-43.31,41.04,0.00,0.00
5238.48,48.57,86.96,48.89,87.14,2226.72,-626.13,-8.05,-2.23,-2.30,0.05,-39.84,41.75,-42.15,41.80,0.00,0.00
5241.32,47.79,86.90,48.07,87.07,2212.37,-638.44,-7.51,-1.69,-2.80,0.11,-39.11,42.04,-41.91,42.15,0.00,0.00
5244.04,47.07,86.81,47.30,86.98,2198.24,-649.47,-6.53,-1.02,-1.47,0.71,-38.40,42.30,-39.87,43.01,0.00,0.00
5246.20,46.52,86.73,46.72,86.90,2187.32,-657.73,-6.00,-0.37,-1.76,1.33,-37.83,42.49,-39.59,43.82,0.00,0.00
5248.99,45.84,86.59,45.97,86.76,2172.75,-667.68,-4.79,0.54,-0.22,1.91,-37.10,42.72,-37.31,44.63,0.00,0.00
5251.52,45.24,86.45,45.34,86.60,2159.90,-675.51,-3.99,0.92,-0.41,1.21,-36.42,42.92,-36.84,44.13,0.00,0.00
5254.44,44.59,86.27,44.64,86.41,2145.24,-683.79,-3.19,1.49,-0.23,1.72,-35.64,43.12,-35.87,44.83,0.00,0.00
5256.85,44.07,86.09,44.11,86.22,2133.60,-689.30,-2.86,1.37,-0.75,0.43,-34.99,43.26,-35.74,43.70,0.00,0.00
5259.32,43.56,85.89,43.60,86.03,2122.02,-694.60,-2.87,1.51,-1.45,1.05,-34.32,43.40,-35.77,44.45,0.00,0.00
5262.26,42.98,85.64,43.02,85.77,2108.33,-699.87,-2.82,1.53,-1.32,0.79,-33.52,43.54,-34.84,44.33,0.00,0.00
5264.65,42.53,85.41,42.57,85.55,2097.28,-703.61,-2.79,1.65,-1.34,1.07,-32.86,43.64,-34.21,44.71,0.00,0.00
5267.10,42.09,85.16,42.13,85.28,2085.81,-706.35,-2.55,1.30,-0.79,-0.07,-32.19,43.72,-32.98,43.65,0.00,0.00
5269.88,41.62,84.86,41.69,84.96,2073.22,-708.40,-2.59,0.56,-1.36,-1.03,-31.41,43.80,-32.78,42.77,0.00,0.00
5272.29,41.24,84.59,41.32,84.67,2062.54,-709.54,-2.80,-0.08,-1.82,-1.38,-30.74,43.85,-32.56,42.47,0.00,0.00
5274.65,40.88,84.30,41.00,84.39,2052.52,-710.29,-3.35,-0.53,-2.85,-1.22,-30.08,43.88,-32.92,42.66,0.00,0.00
5277.79,40.43,83.90,40.60,83.97,2039.23,-709.94,-4.02,-1.64,-3.07,-2.59,-29.19,43.91,-32.26,41.31,0.00,0.00
5280.01,40.13,83.60,40.35,83.65,2029.87,-708.88,-4.44,-2.68,-3.17,-3.66,-28.55,43.91,-31.72,40.25,0.00,0.00
5282.48,39.82,83.25,40.09,83.28,2019.54,-706.99,-4.89,-4.00,-3.36,-4.68,-27.84,43.89,-31.21,39.21,0.00,0.00
5285.34,39.48,82.83,39.81,82.84,2007.94,-704.38,-5.64,-5.27,-4.13,-4.85,-27.02,43.86,-31.15,39.00,0.00,0.00
5287.50,39.25,82.50,39.62,82.51,1999.35,-702.14,-6.30,-6.01,-4.67,-4.71,-26.39,43.81,-31.07,39.10,0.00,0.00
5290.28,38.96,82.07,39.38,82.07,1988.14,-698.71,-6.86,-6.91,-4.44,-5.07,-25.59,43.74,-30.03,38.67,0.00,0.00
5292.82,38.73,81.65,39.19,81.62,1977.70,-694.69,-7.10,-8.02,-4.03,-6.20,-24.84,43.66,-28.87,37.45,0.00,0.00
5295.62,38.49,81.18,39.00,81.13,1966.48,-689.66,-7.49,-9.23,-4.43,-6.77,-24.01,43.54,-28.44,36.77,0.00,0.00
5297.98,38.31,80.77,38.85,80.70,1957.09,-685.04,-7.78,-10.12,-4.50,-6.95,-23.31,43.43,-27.81,36.48,0.00,0.00
5300.76,38.11,80.28,38.70,80.21,1946.57,-679.42,-8.51,-10.78,-5.58,-6.59,-22.48,43.28,-28.07,36.70,0.00,0.00
5303.57,37.94,79.76,38.57,79.68,1935.82,-673.04,-9.01,-11.52,-5.39,-7.06,-21.64,43.11,-27.03,36.05,0.00,0.00
5305.75,37.83,79.35,38.48,79.25,1927.32,-667.40,-9.13,-12.36,-4.85,-8.12,-20.98,42.97,-25.83,34.84,0.00,0.00
5308.62,37.69,78.80,38.37,78.68,1916.11,-659.77,-9.14,-13.12,-4.57,-7.88,-20.11,42.75,-24.68,34.87,0.00,0.00
5311.25,37.59,78.28,38.29,78.15,1906.18,-652.46,-9.31,-13.62,-5.00,-7.76,-19.30,42.54,-24.30,34.78,0.00,0.00
5314.19,37.50,77.69,38.22,77.56,1895.28,-644.04,-9.56,-13.82,-5.19,-7.25,-18.40,42.28,-23.59,35.03,0.00,0.00
5316.53,37.45,77.21,38.17,77.07,1886.54,-636.81,-9.57,-14.06,-4.81,-7.54,-17.68,42.05,-22.48,34.51,0.00,0.00
5319.32,37.40,76.63,38.14,76.48,1876.43,-627.63,-9.71,-14.45,-5.11,-7.92,-16.81,41.77,-21.92,33.85,0.00,0.00
5322.15,37.38,76.02,38.12,75.86,1865.84,-617.89,-9.37,-14.70,-4.08,-7.81,-15.92,41.45,-20.00,33.65,0.00,0.00
5324.31,37.38,75.56,38.11,75.40,1858.11,-610.38,-9.30,-14.67,-4.49,-7.25,-15.25,41.20,-19.74,33.95,0.00,0.00
5327.09,37.39,74.95,38.11,74.79,1848.24,-600.49,-9.17,-14.37,-4.35,-6.66,-14.37,40.86,-18.72,34.20,0.00,0.00
5329.63,37.42,74.39,38.12,74.22,1839.01,-591.04,-8.70,-14.08,-3.42,-6.47,-13.56,40.53,-16.98,34.06,0.00,0.00
5332.49,37.47,73.74,38.14,73.58,1828.84,-580.14,-8.17,-13.59,-3.17,-5.92,-12.65,40.14,-15.81,34.22,0.00,0.00
5334.80,37.53,73.22,38.16,73.04,1820.45,-570.92,-7.44,-13.25,-2.13,-5.89,-11.90,39.81,-14.04,33.92,0.00,0.00
5337.58,37.62,72.58,38.22,72.40,1810.84,-559.67,-6.87,-12.60,-2.40,-5.14,-11.01,39.39,-13.41,34.25,0.00,0.00
5340.44,37.73,71.91,38.27,71.74,1801.00,-547.93,-6.11,-11.65,-1.74,-4.16,-10.08,38.93,-11.82,34.77,0.00,0.00
5342.60,37.83,71.41,38.32,71.25,1793.55,-539.10,-5.39,-10.62,-1.02,-2.92,-9.37,38.58,-10.39,35.66,0.00,0.00
5345.39,37.97,70.75,38.39,70.59,1784.01,-527.23,-4.35,-9.40,-0.32,-2.51,-8.46,38.10,-8.77,35.59,0.00,0.00
5347.84,38.10,70.16,38.46,70.01,1775.64,-516.47,-3.28,-8.34,0.54,-2.01,-7.65,37.67,-7.11,35.65,0.00,0.00
5350.67,38.28,69.48,38.56,69.33,1766.19,-503.75,-2.06,-7.06,1.12,-1.26,-6.71,37.14,-5.59,35.88,0.00,0.00
5353.08,38.45,68.90,38.66,68.76,1758.50,-492.76,-1.22,-5.81,1.15,-0.32,-5.91,36.68,-4.76,36.36,0.00,0.00
5355.57,38.63,68.30,38.77,68.17,1750.59,-481.29,-0.19,-4.39,1.96,0.65,-5.07,36.18,-3.11,36.83,0.00,0.00
5357.73,38.80,67.77,38.87,67.65,1743.78,-471.07,0.79,-3.22,2.67,1.10,-4.35,35.74,-1.68,36.85,0.00,0.00
5360.48,39.03,67.10,39.01,66.98,1735.15,-457.80,2.18,-1.69,3.62,1.94,-3.42,35.16,0.21,37.11,0.00,0.00
5363.13,39.27,66.45,39.16,66.34,1727.19,-444.95,3.37,-0.00,3.93,3.17,-2.52,34.58,1.42,37.76,0.00,0.00
5365.27,39.47,65.92,39.30,65.83,1721.11,-434.31,4.15,1.29,3.89,3.67,-1.79,34.10,2.11,37.77,0.00,0.00
5367.69,39.71,65.32,39.48,65.26,1714.69,-422.09,4.71,2.80,3.52,4.51,-0.95,33.55,2.56,38.06,0.00,0.00
5370.42,39.99,64.65,39.70,64.63,1707.88,-407.99,5.15,4.39,3.38,5.10,-0.01,32.90,3.36,38.00,0.00,0.00
5372.52,40.22,64.13,39.90,64.14,1703.22,-396.87,5.07,5.48,2.35,5.35,0.71,32.39,3.06,37.74,0.00,0.00
5375.49,40.56,63.40,40.17,63.44,1696.04,-381.01,5.76,7.21,4.04,6.51,1.75,31.64,5.79,38.15,0.00,0.00
5377.58,40.81,62.88,40.36,62.94,1690.96,-369.65,6.45,8.33,4.89,6.86,2.48,31.11,7.37,37.96,0.00,0.00
5380.10,41.12,62.26,40.60,62.33,1685.03,-355.65,7.27,9.59,5.26,7.30,3.37,30.44,8.62,37.74,0.00,0.00
5382.23,41.39,61.73,40.83,61.81,1680.24,-343.48,7.91,10.42,5.45,7.16,4.12,29.87,9.57,37.03,0.00,0.00
5384.96,41.75,61.06,41.13,61.15,1674.35,-327.74,8.69,11.52,5.78,7.78,5.08,29.12,10.87,36.90,0.00,0.00
5387.71,42.12,60.39,41.46,60.50,1669.14,-311.77,9.00,12.72,5.05,8.53,6.06,28.34,11.12,36.87,0.00,0.00
5389.82,42.42,59.88,41.73,59.99,1665.19,-299.07,9.39,13.23,5.61,7.84,6.82,27.73,12.43,35.57,0.00,0.00
5392.55,42.81,59.21,42.09,59.34,1660.40,-282.46,9.76,13.93,5.57,8.24,7.80,26.93,13.37,35.16,0.00,0.00
5394.66,43.12,58.70,42.37,58.84,1656.88,-269.63,10.04,14.58,5.68,8.83,8.56,26.29,14.25,35.12,0.00,0.00
5397.41,43.54,58.04,42.77,58.20,1652.86,-252.69,10.09,15.30,5.12,8.97,9.56,25.44,14.68,34.41,0.00,0.00
5400.17,43.97,57.39,43.18,57.56,1649.10,-235.31,10.13,15.70,5.16,8.57,10.56,24.57,15.72,33.14,0.00,0.00
5402.33,44.32,56.87,43.51,57.06,1646.33,-221.68,10.17,16.16,5.18,9.13,11.36,23.87,16.53,33.00,0.00,0.00
5404.75,44.71,56.30,43.91,56.50,1643.63,-206.13,10.03,16.38,4.72,8.64,12.25,23.08,16.97,31.72,0.00,0.00
5407.55,45.18,55.65,44.37,55.86,1640.84,-188.11,9.80,16.69,4.48,8.90,13.28,22.14,17.77,31.04,0.00,0.00
5409.81,45.57,55.13,44.75,55.35,1638.69,-173.50,9.73,16.91,4.70,8.96,14.12,21.37,18.82,30.33,0.00,0.00
5412.13,45.97,54.60,45.17,54.83,1636.93,-158.16,9.40,16.81,4.00,8.19,14.98,20.56,18.98,28.76,0.00,0.00
5414.23,46.34,54.13,45.55,54.36,1635.59,-144.25,9.03,16.76,3.63,8.25,15.77,19.82,19.40,28.07,0.00,0.00
5416.99,46.83,53.51,46.07,53.75,1634.14,-125.75,8.49,16.45,3.27,7.66,16.80,18.83,20.07,26.49,0.00,0.00
5419.58,47.31,52.94,46.57,53.19,1633.06,-108.35,7.96,16.19,2.97,7.61,17.78,17.88,20.75,25.48,0.00,0.00
5421.69,47.70,52.48,46.99,52.74,1632.56,-94.09,7.36,15.90,2.25,7.25,18.58,17.09,20.83,24.34,0.00,0.00
5424.10,48.15,51.96,47.47,52.22,1632.10,-77.76,6.77,15.49,2.17,6.91,19.50,16.18,21.67,23.08,0.00,0.00
5427.02,48.71,51.34,48.07,51.62,1632.05,-58.10,5.86,15.10,1.36,6.88,20.62,15.05,21.98,21.93,0.00,0.00
5429.10,49.12,50.91,48.52,51.20,1632.38,-43.81,5.05,14.52,0.60,5.85,21.42,14.23,22.01,20.08,0.00,0.00
5431.93,49.67,50.33,49.12,50.62,1632.89,-24.57,4.19,13.84,0.57,5.72,22.50,13.10,23.07,18.82,0.00,0.00
5434.04,50.00,50.00,49.57,50.21,1633.35,-10.55,3.67,10.55,0.61,-2.52,-22.85,39.12,-22.24,36.60,0.00,0.00
5436.55,50.50,49.49,50.12,49.71,1634.20,6.68,2.69,9.77,-0.63,3.33,-22.69,38.27,-23.31,41.60,0.00,0.00
5439.24,51.03,48.94,50.70,49.16,1634.75,25.25,1.71,8.94,-0.96,2.94,-22.51,37.33,-23.47,40.27,0.00,0.00
5441.42,51.45,48.48,51.15,48.68,1634.09,40.43,1.80,8.11,1.12,2.14,-22.35,36.57,-21.24,38.71,0.00,0.00
5443.78,51.90,47.98,51.59,48.14,1632.53,56.56,2.53,7.57,2.81,2.65,-22.19,35.72,-19.37,38.37,0.00,0.00
5446.53,52.41,47.39,52.15,47.56,1632.14,75.15,1.68,7.11,-0.70,2.72,-21.99,34.72,-22.69,37.44,0.00,0.00
5448.93,52.86,46.86,52.63,47.07,1632.10,90.99,0.39,7.17,-2.49,3.71,-21.81,33.83,-24.30,37.54,0.00,0.00
5451.46,53.32,46.30,53.11,46.54,1631.35,107.45,-0.51,7.41,-2.04,4.17,-21.62,32.87,-23.65,37.04,0.00,0.00
5453.60,53.70,45.82,53.51,46.09,1630.49,121.51,-1.24,7.50,-2.34,3.97,-21.45,32.05,-23.79,36.01,0.00,0.00
5456.35,54.19,45.20,54.00,45.49,1628.69,139.37,-1.74,7.71,-1.76,4.25,-21.23,30.98,-23.00,35.22,0.00,0.00
5459.03,54.65,44.58,54.47,44.88,1626.29,156.95,-1.87,7.81,-1.17,4.08,-21.02,29.91,-22.19,33.99,0.00,0.00
5461.17,55.01,44.09,54.83,44.40,1624.43,170.88,-2.19,7.87,-1.87,4.06,-20.84,29.04,-22.71,33.11,0.00,0.00
5463.93,55.46,43.44,55.30,43.77,1621.77,188.68,-2.63,8.11,-2.10,4.51,-20.61,27.91,-22.71,32.42,0.00,0.00
5466.73,55.92,42.78,55.76,43.13,1618.76,206.72,-3.04,8.27,-2.25,4.42,-20.37,26.74,-22.61,31.16,0.00,0.00
5468.86,56.25,42.28,56.09,42.63,1616.21,220.36,-3.29,8.45,-2.23,4.63,-20.18,25.83,-22.41,30.46,0.00,0.00
5471.65,56.68,41.61,56.53,41.97,1612.56,238.36,-3.55,8.44,-2.24,4.21,-19.93,24.63,-22.17,28.84,0.00,0.00
5474.45,57.10,40.93,56.95,41.30,1608.30,256.14,-3.48,8.56,-1.61,4.50,-19.67,23.40,-21.29,27.90,0.00,0.00
5476.63,57.42,40.41,57.26,40.78,1604.94,269.67,-3.56,8.83,-1.97,5.02,-19.47,22.44,-21.44,27.46,0.00,0.00
5479.09,57.77,39.81,57.61,40.20,1601.03,285.01,-3.75,9.03,-2.26,4.93,-19.24,21.33,-21.50,26.25,0.00,0.00
5481.90,58.15,39.12,57.99,39.52,1596.32,302.30,-3.97,9.29,-2.38,5.10,-18.97,20.04,-21.35,25.14,0.00,0.00
5484.13,58.45,38.57,58.28,38.98,1592.13,316.03,-3.87,9.36,-1.71,4.85,-18.75,19.00,-20.46,23.85,0.00,0.00
5486.51,58.76,37.99,58.58,38.38,1587.34,330.67,-3.65,9.36,-1.35,4.68,-18.52,17.88,-19.87,22.56,0.00,0.00
5489.56,59.13,37.23,58.95,37.62,1580.83,349.10,-3.24,9.41,-0.96,4.78,-18.21,16.43,-19.17,21.21,0.00,0.00
5491.80,59.40,36.68,59.21,37.07,1576.15,362.33,-3.25,9.63,-1.64,5.32,-17.98,15.34,-19.62,20.65,0.00,0.00
5494.15,59.67,36.10,59.47,36.50,1571.06,376.08,-3.23,9.81,-1.58,5.27,-17.73,14.19,-19.31,19.46,0.00,0.00
5497.17,60.00,35.35,59.80,35.75,1564.20,393.82,-3.16,9.72,-1.45,4.71,-17.41,12.68,-18.86,17.39,0.00,0.00
5499.46,60.24,34.79,60.04,35.17,1558.60,407.13,-2.88,9.57,-0.84,4.47,-17.16,11.53,-18.00,16.00,0.00,0.00
5501.77,60.48,34.22,60.26,34.59,1552.73,420.23,-2.56,9.60,-0.58,4.86,-16.91,10.35,-17.49,15.21,0.00,0.00
5504.83,60.77,33.47,60.54,33.83,1544.86,437.28,-2.27,9.61,-0.66,4.81,-16.57,8.76,-17.23,13.58,0.00,0.00
5507.16,60.97,32.89,60.74,33.26,1538.80,449.87,-2.16,9.78,-0.86,5.27,-16.31,7.54,-17.17,12.81,0.00,0.00
5509.59,61.18,32.30,60.95,32.65,1532.21,463.18,-1.97,9.58,-0.58,4.37,-16.03,6.25,-16.61,10.61,0.00,0.00
5511.74,61.35,31.77,61.12,32.12,1526.32,474.63,-1.88,9.51,-0.73,4.62,-15.78,5.09,-16.51,9.71,0.00,0.00
5514.51,61.55,31.10,61.31,31.44,1518.21,488.98,-1.41,9.50,0.15,4.73,-15.45,3.59,-15.31,8.31,0.00,0.00
5517.13,61.73,30.47,61.48,30.79,1510.41,502.34,-1.07,9.45,0.12,4.64,-15.14,2.14,-15.02,6.78,0.00,0.00
5519.28,61.87,29.95,61.60,30.26,1503.89,513.00,-0.77,9.43,0.31,4.65,-14.88,0.94,-14.57,5.59,0.00,0.00
5521.69,62.01,29.38,61.73,29.68,1496.46,524.71,-0.49,9.41,0.33,4.66,-14.58,-0.41,-14.26,4.25,0.00,0.00
5524.44,62.15,28.73,61.87,29.01,1487.65,537.87,-0.03,9.23,0.82,4.31,-14.24,-1.98,-13.42,2.32,0.00,0.00
5526.79,62.25,28.17,61.97,28.45,1480.22,548.77,0.10,9.14,0.32,4.38,-13.94,-3.34,-13.63,1.04,0.00,0.00
5529.23,62.35,27.61,62.06,27.86,1472.05,559.75,0.57,9.03,1.26,4.28,-13.63,-4.76,-12.37,-0.48,0.00,0.00
5531.37,62.42,27.11,62.13,27.35,1464.88,569.31,0.81,8.80,0.96,3.88,-13.36,-6.02,-12.40,-2.15,0.00,0.00
5534.10,62.50,26.49,62.20,26.72,1455.61,580.89,1.12,8.70,1.14,4.17,-13.00,-7.65,-11.86,-3.48,0.00,0.00
5536.88,62.56,25.86,62.26,26.07,1445.99,592.51,1.43,8.34,1.27,3.52,-12.63,-9.33,-11.36,-5.81,0.00,0.00
5539.07,62.59,25.37,62.30,25.57,1438.36,601.26,1.61,8.12,1.21,3.55,-12.34,-10.66,-11.12,-7.11,0.00,0.00
5541.44,62.62,24.84,62.32,25.03,1430.03,610.49,1.71,7.83,1.07,3.30,-12.02,-12.12,-10.95,-8.81,0.00,0.00
5544.21,62.62,24.24,62.33,24.41,1420.02,620.75,1.96,7.55,1.44,3.28,-11.63,-13.84,-10.19,-10.56,0.00,0.00
5546.55,62.61,23.74,62.33,23.90,1411.60,629.01,2.02,7.33,1.12,3.18,-11.31,-15.31,-10.19,-12.13,0.00,0.00
5548.92,62.59,23.24,62.31,23.39,1402.88,637.05,2.11,7.09,1.25,3.04,-10.98,-16.82,-9.73,-13.78,0.00,0.00
5551.67,62.54,22.67,62.27,22.80,1392.59,646.06,2.25,6.63,1.39,2.48,-10.58,-18.58,-9.19,-16.10,0.00,0.00
5554.07,62.48,22.18,62.23,22.30,1383.69,653.73,2.16,6.01,0.88,1.72,-10.24,-20.14,-9.36,-18.42,0.00,0.00
5556.57,62.40,21.68,62.18,21.78,1374.42,661.22,1.93,5.43,0.50,1.56,-9.87,-21.78,-9.37,-20.21,0.00,0.00
5558.72,62.32,21.25,62.12,21.35,1366.38,667.38,1.71,4.86,0.35,1.08,-9.56,-23.19,-9.21,-22.11,0.00,0.00
5561.47,62.19,20.72,62.04,20.81,1356.16,674.93,1.22,3.93,-0.27,0.29,-9.15,-25.03,-9.42,-24.74,0.00,0.00
5564.24,62.05,20.20,61.93,20.27,1345.73,682.03,0.70,2.96,-0.58,-0.28,-8.73,-26.90,-9.31,-27.18,0.00,0.00
5566.40,61.92,19.81,61.84,19.87,1337.60,687.02,0.21,2.32,-1.05,-0.32,-8.40,-28.37,-9.45,-28.69,0.00,0.00
5568.85,61.75,19.37,61.72,19.42,1328.21,692.40,-0.31,1.43,-1.22,-1.09,-8.02,-30.05,-9.25,-31.15,0.00,0.00
5571.94,61.52,18.83,61.55,18.87,1316.41,698.75,-1.17,0.06,-1.96,-2.18,-7.54,-32.20,-9.50,-34.38,0.00,0.00
5574.11,61.33,18.46,61.42,18.49,1308.02,702.75,-1.77,-0.90,-2.28,-2.67,-7.20,-33.72,-9.48,-36.40,0.00,0.00
5576.58,61.11,18.05,61.24,18.08,1298.48,706.57,-2.58,-1.75,-2.93,-2.60,-6.81,-35.48,-9.74,-38.07,0.00,0.00
5579.46,60.82,17.60,61.02,17.60,1287.10,710.79,-3.38,-3.17,-3.07,-4.05,-6.34,-37.53,-9.42,-41.59,0.00,0.00
5581.62,60.59,17.27,60.84,17.26,1278.51,713.52,-3.99,-4.28,-3.42,-4.70,-5.99,-39.09,-9.41,-43.79,0.00,0.00
5584.40,60.27,16.85,60.60,16.83,1267.48,716.51,-4.94,-5.79,-4.17,-5.61,-5.54,-41.11,-9.71,-46.72,0.00,0.00
5587.12,59.93,16.47,60.33,16.42,1256.45,718.77,-5.77,-7.28,-4.42,-6.38,-5.09,-43.11,-9.50,-49.49,0.00,0.00
5589.22,59.65,16.18,60.10,16.14,1248.08,719.78,-6.64,-8.16,-5.37,-6.18,-4.73,-44.67,-10.11,-50.85,0.00,0.00
5592.07,59.25,15.81,59.78,15.76,1236.59,720.57,-7.74,-9.44,-5.81,-6.97,-4.25,-46.80,-10.07,-53.77,0.00,0.00
5594.56,58.88,15.51,59.47,15.44,1226.24,720.73,-8.51,-10.66,-5.81,-7.77,-3.83,-48.68,-9.64,-56.45,0.00,0.00
5597.48,58.42,15.17,59.08,15.08,1213.98,720.31,-9.42,-12.26,-6.26,-8.87,-3.32,-50.91,-9.58,-59.78,0.00,0.00
5599.83,58.02,14.91,58.74,14.80,1203.89,719.32,-10.04,-13.52,-6.34,-9.43,-2.91,-52.72,-9.25,-62.15,0.00,0.00
5602.64,57.53,14.62,58.32,14.49,1191.94,717.41,-10.92,-15.01,-7.02,-10.16,-2.42,-54.89,-9.44,-65.06,0.00,0.00
5605.44,57.00,14.35,57.86,14.22,1180.03,714.44,-11.95,-16.26,-7.83,-10.35,-1.92,-57.09,-9.75,-67.45,0.00,0.00
5607.62,56.58,14.16,57.49,14.03,1170.74,711.41,-12.75,-17.05,-8.21,-10.36,-1.53,-58.81,-9.73,-69.17,0.00,0.00
5610.43,56.00,13.93,56.97,13.81,1158.63,706.62,-13.77,-17.96,-8.71,-10.59,-1.02,-61.05,-9.73,-71.64,0.00,0.00
5612.88,55.47,13.75,56.50,13.63,1147.99,701.76,-14.70,-18.78,-9.23,-11.07,-0.57,-63.02,-9.80,-74.09,0.00,0.00
5615.73,54.84,13.57,55.93,13.43,1135.45,695.59,-15.60,-20.00,-9.38,-12.14,-0.04,-65.32,-9.42,-77.46,0.00,0.00
5617.97,54.32,13.44,55.44,13.29,1125.21,689.99,-16.01,-20.85,-8.94,-12.34,0.38,-67.15,-8.56,-79.49,0.00,0.00
5620.76,53.64,13.30,54.78,13.15,1112.05,681.42,-16.22,-21.14,-8.48,-11.08,0.90,-69.46,-7.57,-80.53,0.00,0.00
5623.45,52.96,13.19,54.10,13.03,1098.95,672.41,-16.06,-21.49,-7.72,-11.40,1.41,-71.69,-6.31,-83.09,0.00,0.00
5626.29,52.20,13.10,53.37,12.93,1085.35,662.15,-16.22,-22.06,-8.40,-12.04,1.96,-74.07,-6.44,-86.11,0.00,0.00
5628.67,51.55,13.05,52.73,12.86,1073.75,652.54,-16.17,-22.25,-7.99,-11.51,2.42,-76.08,-5.57,-87.59,0.00,0.00
5631.48,50.75,13.01,51.93,12.81,1059.86,640.46,-16.00,-22.60,-7.68,-11.92,2.97,-78.48,-4.71,-90.40,0.00,0.00
5634.28,50.00,13.00,51.10,12.80,1046.04,627.08,-14.72,-21.38,-5.08,-8.52,41.73,-41.66,36.66,-50.17,0.00,0.00
5636.40,49.37,13.01,50.46,12.80,1035.43,616.51,-14.25,-21.21,-6.02,-10.22,41.95,-41.11,35.93,-51.33,0.00,0.00
5639.28,48.55,13.04,49.58,12.82,1021.59,601.79,-13.27,-20.53,-4.93,-9.07,42.23,-40.37,37.30,-49.44,0.00,0.00
5641.82,47.85,13.10,48.83,12.89,1010.31,588.36,-12.55,-19.47,-4.87,-7.66,42.46,-39.71,37.59,-47.36,0.00,0.00
5644.60,47.11,13.18,48.00,12.96,997.99,573.57,-10.90,-18.15,-2.47,-6.70,42.69,-38.98,40.22,-45.68,0.00,0.00
5646.92,46.52,13.28,47.34,13.05,988.74,561.36,-9.84,-17.10,-2.65,-6.28,42.87,-38.37,40.21,-44.65,0.00,0.00
5649.69,45.84,13.41,46.58,13.18,978.28,546.79,-8.36,-15.79,-1.50,-5.52,43.06,-37.63,41.57,-43.16,0.00,0.00
5652.47,45.19,13.56,45.85,13.35,969.00,532.05,-7.24,-14.30,-1.60,-4.47,43.24,-36.89,41.64,-41.36,0.00,0.00
5654.65,44.70,13.70,45.28,13.49,962.17,520.42,-6.18,-13.01,-0.68,-3.54,43.36,-36.31,42.68,-39.85,0.00,0.00
5657.42,44.10,13.90,44.63,13.69,954.66,506.40,-5.26,-12.04,-0.97,-4.27,43.50,-35.56,42.53,-39.83,0.00,0.00
5660.22,43.52,14.12,43.99,13.91,947.80,492.34,-4.22,-11.08,-0.26,-3.82,43.62,-34.79,43.36,-38.61,0.00,0.00
5662.34,43.10,14.30,43.52,14.09,943.16,481.82,-3.43,-10.38,0.17,-3.55,43.70,-34.21,43.87,-37.76,0.00,0.00
5665.18,42.57,14.57,42.93,14.36,937.80,467.73,-2.49,-9.43,0.41,-3.04,43.78,-33.43,44.19,-36.47,0.00,0.00
5667.78,42.10,14.83,42.42,14.64,934.07,454.86,-2.06,-8.44,-0.21,-2.33,43.84,-32.71,43.63,-35.04,0.00,0.00
5669.90,41.74,15.06,42.04,14.88,931.74,444.64,-1.93,-7.89,-0.66,-2.64,43.88,-32.12,43.22,-34.75,0.00,0.00
5672.69,41.29,15.38,41.57,15.21,929.37,431.54,-1.76,-7.40,-0.58,-2.82,43.91,-31.33,43.33,-34.15,0.00,0.00
5675.30,40.89,15.69,41.15,15.53,927.72,419.41,-1.49,-6.97,-0.22,-2.67,43.92,-30.59,43.70,-33.27,0.00,0.00
5677.43,40.58,15.96,40.83,15.80,927.04,409.72,-1.44,-6.76,-0.61,-2.87,43.92,-29.99,43.31,-32.85,0.00,0.00
5680.19,40.20,16.33,40.45,16.19,927.17,397.20,-1.75,-6.41,-1.44,-2.58,43.89,-29.20,42.45,-31.78,0.00,0.00
5682.79,39.87,16.69,40.12,16.58,928.16,385.42,-2.26,-6.00,-2.11,-2.20,43.86,-28.45,41.74,-30.65,0.00,0.00
5684.91,39.61,17.00,39.87,16.90,929.41,376.00,-2.66,-5.80,-2.27,-2.44,43.81,-27.83,41.54,-30.27,0.00,0.00
5687.71,39.30,17.42,39.57,17.33,931.54,364.06,-3.06,-5.85,-2.24,-3.03,43.73,-27.02,41.50,-30.05,0.00,0.00
5690.25,39.04,17.81,39.33,17.74,934.29,353.52,-3.63,-6.11,-2.93,-3.55,43.65,-26.28,40.71,-29.82,0.00,0.00
5692.38,38.83,18.16,39.14,18.10,936.99,344.47,-4.07,-6.04,-3.07,-2.88,43.56,-25.65,40.50,-28.52,0.00,0.00
5695.17,38.58,18.62,38.92,18.59,941.39,332.78,-4.93,-5.97,-4.01,-2.86,43.43,-24.82,39.43,-27.68,0.00,0.00
5697.67,38.38,19.05,38.74,19.04,945.89,322.56,-5.70,-6.08,-4.39,-3.26,43.30,-24.07,38.90,-27.34,0.00,0.00
5700.67,38.17,19.58,38.56,19.59,951.91,310.47,-6.59,-6.19,-4.79,-3.27,43.12,-23.18,38.33,-26.44,0.00,0.00
5703.08,38.01,20.02,38.43,20.04,957.29,301.07,-7.32,-6.49,-5.17,-3.87,42.96,-22.45,37.79,-26.32,0.00,0.00
5705.55,37.87,20.48,38.32,20.51,963.20,291.56,-7.99,-6.80,-5.35,-4.04,42.77,-21.70,37.43,-25.74,0.00,0.00
5708.49,37.73,21.04,38.21,21.09,970.78,280.28,-8.74,-7.05,-5.65,-3.93,42.54,-20.80,36.89,-24.73,0.00,0.00
5710.90,37.63,21.51,38.14,21.58,977.73,271.10,-9.61,-7.16,-6.62,-3.82,42.33,-20.06,35.71,-23.88,0.00,0.00
5713.32,37.55,21.99,38.08,22.08,984.76,261.91,-10.11,-7.21,-6.08,-3.72,42.10,-19.31,36.02,-23.03,0.00,0.00
5716.20,37.47,22.58,38.03,22.68,993.70,251.28,-10.72,-7.43,-6.42,-4.09,41.81,-18.42,35.40,-22.51,0.00,0.00
5718.58,37.43,23.07,38.00,23.17,1001.39,242.89,-11.12,-7.84,-6.39,-4.77,41.56,-17.68,35.17,-22.45,0.00,0.00
5720.92,37.40,23.56,37.99,23.67,1009.26,234.45,-11.42,-7.96,-6.35,-4.24,41.30,-16.94,34.95,-21.18,0.00,0.00
5723.75,37.38,24.16,37.98,24.29,1019.39,224.21,-11.91,-7.90,-6.83,-3.85,40.96,-16.05,34.12,-19.90,0.00,0.00
5726.01,37.38,24.65,38.00,24.79,1027.85,216.17,-12.32,-7.85,-7.07,-3.81,40.67,-15.33,33.60,-19.13,0.00,0.00
5728.48,37.40,25.20,38.01,25.34,1037.03,207.49,-12.35,-7.76,-6.23,-3.70,40.35,-14.54,34.12,-18.24,0.00,0.00
5731.34,37.44,25.83,38.04,25.97,1047.91,197.53,-12.14,-7.59,-5.70,-3.50,39.95,-13.62,34.25,-17.13,0.00,0.00
5733.49,37.48,26.32,38.07,26.46,1056.37,189.98,-11.91,-7.28,-5.44,-2.92,39.64,-12.93,34.19,-15.85,0.00,0.00
5736.27,37.55,26.95,38.12,27.10,1067.60,180.37,-11.57,-6.84,-5.17,-2.63,39.21,-12.03,34.04,-14.65,0.00,0.00
5738.82,37.64,27.54,38.18,27.69,1078.32,171.65,-11.27,-6.38,-5.04,-2.28,38.81,-11.19,33.77,-13.47,0.00,0.00
5741.62,37.75,28.20,38.25,28.34,1090.07,162.16,-10.54,-5.74,-3.97,-1.74,38.35,-10.28,34.38,-12.02,0.00,0.00
5744.01,37.86,28.76,38.32,28.90,1100.42,154.29,-9.93,-5.27,-3.68,-1.63,37.94,-9.49,34.26,-11.12,0.00,0.00
5746.77,38.00,29.41,38.42,29.55,1112.57,145.15,-8.98,-4.52,-2.79,-0.91,37.44,-8.57,34.65,-9.48,0.00,0.00
5749.51,38.16,30.07,38.52,30.21,1125.08,136.12,-8.17,-3.59,-2.60,-0.09,36.93,-7.66,34.34,-7.75,0.00,0.00
5751.82,38.31,30.62,38.62,30.76,1135.69,128.63,-7.29,-2.76,-1.73,0.41,36.49,-6.88,34.76,-6.47,0.00,0.00
5754.13,38.47,31.18,38.72,31.31,1146.48,121.29,-6.30,-1.96,-1.02,0.75,36.03,-6.11,35.02,-5.36,0.00,0.00
5757.03,38.69,31.88,38.87,32.01,1160.28,112.39,-5.03,-1.04,-0.31,1.08,35.44,-5.12,35.13,-4.05,0.00,0.00
5759.39,38.88,32.46,39.00,32.57,1171.68,105.18,-3.90,-0.14,0.43,1.83,34.94,-4.32,35.37,-2.50,0.00,0.00
5761.87,39.09,33.07,39.14,33.17,1183.81,97.80,-2.58,0.76,1.37,2.19,34.40,-3.47,35.77,-1.28,0.00,0.00
5764.00,39.28,33.59,39.28,33.69,1194.42,91.54,-1.47,1.61,1.87,2.80,33.93,-2.74,35.79,0.06,0.00,0.00
5766.70,39.54,34.26,39.46,34.34,1208.13,83.72,-0.10,2.77,2.50,3.54,33.31,-1.81,35.80,1.73,0.00,0.00
5769.41,39.81,34.92,39.66,34.99,1222.11,76.46,1.33,3.56,3.32,3.23,32.67,-0.87,35.98,2.36,0.00,0.00
5771.49,40.03,35.44,39.83,35.50,1233.18,70.91,2.29,4.29,3.44,3.91,32.16,-0.14,35.60,3.77,0.00,0.00
5774.29,40.34,36.13,40.08,36.17,1248.23,63.90,3.61,5.04,4.17,3.85,31.46,0.84,35.63,4.69,0.00,0.00
5776.34,40.58,36.64,40.27,36.68,1259.59,58.82,4.42,5.67,4.17,4.39,30.94,1.56,35.11,5.95,0.00,0.00
5778.85,40.88,37.26,40.52,37.28,1273.59,53.06,5.48,6.18,4.84,4.10,30.28,2.45,35.13,6.55,0.00,0.00
5780.90,41.13,37.76,40.73,37.76,1285.04,48.60,6.43,6.51,5.55,4.06,29.74,3.17,35.29,7.24,0.00,0.00
5783.20,41.42,38.33,40.99,38.32,1298.33,43.79,7.21,6.84,5.31,4.14,29.11,4.00,34.42,8.14,0.00,0.00
5785.34,41.70,38.85,41.23,38.83,1310.68,39.29,8.01,7.36,5.88,4.88,28.52,4.76,34.39,9.64,0.00,0.00
5788.04,42.07,39.51,41.56,39.47,1326.57,34.15,8.94,7.66,6.19,4.39,27.75,5.73,33.94,10.12,0.00,0.00
5790.74,42.45,40.17,41.90,40.11,1342.65,29.29,9.83,7.92,6.56,4.44,26.96,6.71,33.53,11.15,0.00,0.00
5792.80,42.74,40.67,42.18,40.60,1355.06,25.77,10.46,8.10,6.77,4.48,26.35,7.46,33.12,11.94,0.00,0.00
5795.70,43.17,41.38,42.58,41.29,1372.84,21.12,11.22,8.30,6.91,4.50,25.47,8.52,32.38,13.02,0.00,0.00
5797.77,43.49,41.87,42.88,41.77,1385.67,18.15,11.62,8.29,6.80,4.10,24.83,9.27,31.62,13.38,0.00,0.00
5800.34,43.89,42.49,43.26,42.36,1401.69,14.77,12.23,8.16,7.29,3.83,24.02,10.22,31.31,14.05,0.00,0.00
5802.46,44.22,42.99,43.60,42.85,1415.14,12.28,12.53,7.93,6.96,3.42,23.33,11.00,30.30,14.43,0.00,0.00
5805.19,44.67,43.63,44.04,43.47,1432.56,9.32,12.89,7.64,7.12,3.29,22.44,12.02,29.55,15.31,0.00,0.00
5807.92,45.12,44.27,44.50,44.10,1450.36,6.57,12.96,7.41,6.59,3.28,21.52,13.04,28.12,16.32,0.00,0.00
5810.00,45.47,44.75,44.86,44.57,1464.03,4.81,12.90,7.09,6.32,2.77,20.81,13.82,27.14,16.59,0.00,0.00
5812.81,45.96,45.39,45.37,45.20,1482.59,2.77,12.84,6.57,6.31,2.37,19.84,14.87,26.14,17.24,0.00,0.00
5814.85,46.32,45.85,45.75,45.65,1496.13,1.60,12.75,6.07,6.17,1.80,19.12,15.65,25.28,17.45,0.00,0.00
5817.15,46.73,46.37,46.17,46.15,1511.27,0.40,12.82,5.59,6.55,1.74,18.29,16.52,24.84,18.27,0.00,0.00
5819.34,47.13,46.85,46.59,46.63,1526.03,-0.62,12.51,5.18,5.54,1.66,17.49,17.36,23.03,19.02,0.00,0.00
5822.03,47.63,47.44,47.10,47.20,1543.85,-1.65,12.49,4.73,6.21,1.52,16.49,18.39,22.70,19.91,0.00,0.00
5824.70,48.13,48.02,47.62,47.77,1561.70,-2.44,12.29,4.33,5.78,1.42,15.48,19.41,21.26,20.83,0.00,0.00
5826.80,48.53,48.46,48.04,48.22,1575.87,-2.86,11.94,4.01,5.13,1.25,14.68,20.22,19.81,21.48,0.00,0.00
5829.37,49.03,49.00,48.56,48.75,1593.01,-3.05,11.79,3.55,5.59,0.88,13.67,21.22,19.26,22.11,0.00,0.00
5831.49,49.45,49.44,49.00,49.18,1607.16,-3.01,11.58,3.17,5.29,0.69,12.83,22.05,18.12,22.74,0.00,0.00
5834.24,49.99,49.99,49.57,49.73,1625.55,-2.72,11.19,2.72,4.88,0.55,11.73,23.12,16.61,23.67,0.00,0.00
5836.99,50.00,50.00,50.14,50.28,1643.81,-2.29,-6.78,2.29,-36.04,0.34,20.86,19.24,-15.19,19.59,0.00,0.00
5839.13,50.43,50.43,50.59,50.70,1658.07,-1.78,-7.01,1.87,-4.04,-0.02,20.28,19.71,16.25,19.69,0.00,0.00
5841.47,50.91,50.89,51.07,51.13,1673.03,-1.05,-6.58,1.47,-2.36,-0.13,19.65,20.21,17.28,20.09,0.00,0.00
5844.22,51.48,51.42,51.58,51.59,1688.83,-0.09,-4.28,1.17,2.05,0.03,18.88,20.80,20.93,20.83,0.00,0.00
5846.31,51.93,51.82,52.01,51.96,1702.10,0.75,-3.74,1.04,-0.59,0.22,18.28,21.25,17.70,21.47,0.00,0.00
5849.32,52.58,52.39,52.64,52.53,1721.72,1.80,-3.47,1.32,-1.28,1.12,17.40,21.88,16.13,23.00,0.00,0.00
5851.40,53.03,52.77,53.08,52.91,1735.02,2.86,-3.04,1.39,-0.49,0.87,16.78,22.32,16.30,23.19,0.00,0.00
5853.77,53.55,53.20,53.59,53.32,1750.07,4.42,-2.44,1.32,0.04,0.52,16.06,22.81,16.10,23.33,0.00,0.00
5855.88,54.03,53.58,54.04,53.68,1763.43,5.84,-1.84,1.41,0.49,0.91,15.41,23.25,15.90,24.16,0.00,0.00
5858.60,54.64,54.06,54.62,54.14,1780.34,7.87,-0.80,1.60,1.51,1.14,14.55,23.80,16.05,24.94,0.00,0.00
5861.26,55.25,54.52,55.19,54.58,1796.96,10.06,0.09,1.83,1.72,1.34,13.69,24.34,15.40,25.69,0.00,0.00
5863.35,55.73,54.88,55.65,54.93,1810.18,11.82,0.56,2.16,1.41,1.88,13.00,24.76,14.41,26.64,0.00,0.00
5865.99,56.35,55.32,56.24,55.35,1826.62,14.57,1.41,2.29,2.32,1.40,12.12,25.29,14.43,26.69,0.00,0.00
5868.10,56.84,55.66,56.70,55.68,1839.63,16.77,2.12,2.57,2.76,1.95,11.40,25.71,14.16,27.66,0.00,0.00
5870.34,57.37,56.02,57.20,56.03,1853.54,19.12,2.77,3.03,2.82,2.55,10.62,26.15,13.44,28.70,0.00,0.00
5873.15,58.04,56.46,57.82,56.45,1870.65,22.37,3.79,3.56,3.71,2.72,9.63,26.69,13.34,29.42,0.00,0.00
5875.21,58.54,56.77,58.28,56.76,1883.20,25.00,4.50,3.88,3.97,2.72,8.89,27.09,12.86,29.81,0.00,0.00
5878.11,59.24,57.20,58.94,57.17,1900.65,28.96,5.57,4.34,4.63,2.96,7.83,27.65,12.46,30.61,0.00,0.00
5880.15,59.73,57.50,59.41,57.45,1913.08,32.06,6.07,4.52,4.26,2.70,7.07,28.04,11.33,30.74,0.00,0.00
5882.78,60.38,57.87,60.01,57.82,1928.90,35.90,6.82,5.12,4.84,3.69,6.07,28.53,10.92,32.22,0.00,0.00
5884.87,60.89,58.16,60.49,58.10,1941.36,39.20,7.37,5.50,5.00,3.67,5.27,28.92,10.27,32.59,0.00,0.00
5887.20,61.46,58.47,61.03,58.40,1955.16,42.96,8.01,6.04,5.38,4.17,4.36,29.35,9.74,33.52,0.00,0.00
5889.29,61.97,58.73,61.52,58.67,1967.49,46.58,8.51,6.41,5.44,4.10,3.54,29.73,8.98,33.83,0.00,0.00
5891.98,62.64,59.07,62.15,58.99,1983.11,51.61,9.26,6.75,6.02,3.99,2.46,30.22,8.48,34.22,0.00,0.00
5894.68,63.30,59.39,62.79,59.31,1998.73,56.98,9.85,7.00,6.03,3.97,1.35,30.71,7.38,34.69,0.00,0.00
5896.74,63.81,59.63,63.28,59.54,2010.53,61.15,10.26,7.26,6.12,4.26,0.50,31.08,6.62,35.33,0.00,0.00
5899.60,64.52,59.95,63.95,59.86,2026.86,66.97,10.68,7.82,6.07,4.88,-0.70,31.58,5.36,36.47,0.00,0.00
5901.68,65.03,60.17,64.44,60.08,2038.50,71.39,11.05,8.21,6.43,5.04,-1.59,31.95,4.84,36.98,0.00,0.00
5904.28,65.67,60.43,65.06,60.34,2052.92,77.32,11.47,8.47,6.54,4.74,-2.72,32.40,3.82,37.14,0.00,0.00
5906.36,66.19,60.63,65.56,60.53,2064.08,82.31,12.00,8.58,7.25,4.56,-3.63,32.76,3.62,37.32,0.00,0.00
5908.68,66.76,60.85,66.11,60.75,2076.71,87.87,12.17,8.85,6.45,5.00,-4.66,33.15,1.79,38.15,0.00,0.00
5911.73,67.50,61.11,66.84,61.02,2093.10,95.38,12.35,9.26,6.48,5.30,-6.04,33.66,0.44,38.96,0.00,0.00
5913.80,68.01,61.28,67.34,61.19,2104.02,100.72,12.44,9.44,6.43,5.15,-6.99,34.01,-0.55,39.16,0.00,0.00
5916.67,68.71,61.50,68.04,61.41,2119.03,108.50,12.45,9.53,6.23,4.94,-8.32,34.48,-2.09,39.42,0.00,0.00
5918.78,69.22,61.65,68.54,61.55,2129.67,114.39,12.58,9.56,6.61,4.85,-9.31,34.83,-2.70,39.67,0.00,0.00
5921.22,69.80,61.80,69.13,61.71,2141.86,121.36,12.62,9.61,6.38,4.90,-10.48,35.22,-4.09,40.12,0.00,0.00
5923.98,70.47,61.97,69.79,61.88,2155.46,129.42,12.53,9.68,6.10,4.97,-11.81,35.66,-5.72,40.63,0.00,0.00
5926.31,71.02,62.09,70.35,62.02,2166.82,136.32,12.25,9.78,5.52,5.11,-12.95,36.03,-7.43,41.15,0.00,0.00
5928.76,71.60,62.21,70.93,62.14,2178.42,143.79,12.02,9.84,5.55,5.04,-14.17,36.42,-8.61,41.46,0.00,0.00
5930.91,72.10,62.30,71.44,62.24,2188.42,150.64,11.76,9.73,5.27,4.60,-15.25,36.75,-9.97,41.35,0.00,0.00
5933.64,72.73,62.40,72.10,62.35,2200.84,159.59,11.37,9.53,4.97,4.41,-16.64,37.17,-11.66,41.58,0.00,0.00
5936.38,73.36,62.48,72.74,62.43,2212.81,168.77,11.00,9.28,4.83,4.17,-18.04,37.58,-13.21,41.76,0.00,0.00
5938.50,73.84,62.53,73.24,62.49,2221.93,175.87,10.60,9.24,4.36,4.54,-19.15,37.90,-14.79,42.44,0.00,0.00
5941.30,74.47,62.58,73.89,62.57,2233.84,185.32,9.80,9.28,3.46,4.70,-20.63,38.32,-17.17,43.02,0.00,0.00
5944.06,75.08,62.61,74.52,62.60,2244.61,195.21,9.48,8.89,4.17,3.75,-22.10,38.72,-17.93,42.47,0.00,0.00
5946.31,75.57,62.62,75.03,62.61,2253.20,203.31,9.12,8.72,3.76,3.97,-23.32,39.05,-19.56,43.02,0.00,0.00
5948.62,76.07,62.62,75.54,62.61,2261.61,211.75,8.77,8.50,3.63,3.78,-24.58,39.38,-20.95,43.16,0.00,0.00
5950.78,76.53,62.60,76.02,62.60,2269.24,219.77,8.37,8.27,3.25,3.59,-25.78,39.68,-22.52,43.27,0.00,0.00
5953.52,77.11,62.56,76.62,62.58,2278.71,229.97,7.65,8.14,2.52,3.84,-27.31,40.06,-24.79,43.90,0.00,0.00
5956.10,77.63,62.50,77.18,62.52,2286.92,239.96,7.18,7.73,2.66,3.07,-28.77,40.42,-26.11,43.49,0.00,0.00
5958.23,78.07,62.44,77.63,62.47,2293.38,248.23,6.78,7.53,2.47,3.28,-29.99,40.71,-27.52,43.99,0.00,0.00
5960.65,78.55,62.36,78.13,62.39,2300.35,257.70,6.30,7.31,2.17,3.21,-31.38,41.04,-29.22,44.25,0.00,0.00
5963.59,79.12,62.23,78.72,62.28,2308.19,269.25,5.76,7.15,1.95,3.30,-33.10,41.43,-31.15,44.73,0.00,0.00
5965.85,79.55,62.12,79.17,62.19,2314.06,278.06,5.07,7.23,1.01,3.78,-34.44,41.73,-33.43,45.51,0.00,0.00
5968.14,79.97,61.99,79.62,62.06,2319.33,287.36,4.64,7.02,1.37,3.07,-35.80,42.02,-34.44,45.09,0.00,0.00
5970.29,80.36,61.85,80.02,61.93,2323.73,296.08,4.42,6.95,1.72,3.30,-37.10,42.30,-35.38,45.60,0.00,0.00
5973.04,80.85,61.66,80.53,61.74,2328.89,307.64,4.07,6.56,1.38,2.57,-38.78,42.65,-37.40,45.22,0.00,0.00
5975.62,81.30,61.46,80.99,61.54,2333.13,318.36,3.78,6.45,1.33,3.01,-40.37,42.97,-39.03,45.98,0.00,0.00
5977.75,81.66,61.27,81.36,61.37,2336.49,327.17,3.26,6.50,0.43,3.36,-41.69,43.23,-41.26,46.59,0.00,0.00
5980.18,82.05,61.05,81.77,61.16,2339.77,337.26,2.76,6.58,0.35,3.45,-43.21,43.52,-42.86,46.98,0.00,0.00
5983.07,82.51,60.75,82.23,60.88,2342.73,349.54,2.45,6.57,0.68,3.27,-45.05,43.87,-44.37,47.14,0.00,0.00
5985.31,82.85,60.51,82.58,60.63,2344.40,359.21,2.32,6.49,0.88,3.08,-46.48,44.14,-45.60,47.21,0.00,0.00
5987.62,83.19,60.24,82.91,60.37,2345.55,369.05,2.30,6.62,1.11,3.57,-47.98,44.40,-46.87,47.97,0.00,0.00
5989.78,83.49,59.97,83.22,60.10,2346.18,378.33,2.28,6.74,1.08,3.66,-49.38,44.65,-48.30,48.31,0.00,0.00
5992.54,83.87,59.60,83.58,59.76,2346.47,390.04,2.15,7.15,0.84,4.32,-51.20,44.96,-50.36,49.29,0.00,0.00
5995.11,84.20,59.24,83.91,59.40,2346.05,401.33,2.07,7.28,0.87,3.89,-52.92,45.25,-52.04,49.14,0.00,0.00
5997.24,84.46,58.92,84.17,59.09,2345.15,410.63,2.08,7.50,1.06,4.26,-54.35,45.48,-53.29,49.74,0.00,0.00
5999.67,84.75,58.54,84.45,58.70,2343.37,421.41,2.30,7.61,1.62,4.03,-55.99,45.75,-54.37,49.78,0.00,0.00
6002.61,85.07,58.05,84.76,58.22,2340.65,434.53,2.36,7.85,1.27,4.34,-58.00,46.06,-56.73,50.40,0.00,0.00
6004.86,85.31,57.66,84.99,57.84,2338.27,444.42,2.11,8.23,0.50,4.95,-59.55,46.30,-59.05,51.24,0.00,0.00
6007.16,85.53,57.23,85.21,57.44,2335.24,454.61,1.91,8.65,0.52,5.25,-61.16,46.53,-60.65,51.78,0.00,0.00
6009.33,85.73,56.82,85.41,57.04,2331.92,464.52,1.69,8.77,0.34,4.65,-62.69,46.75,-62.35,51.41,0.00,0.00
6012.11,85.97,56.26,85.64,56.48,2326.61,477.33,1.75,8.89,0.99,4.66,-64.65,47.03,-63.66,51.69,0.00,0.00
6014.67,86.16,55.73,85.83,55.94,2320.94,489.29,1.83,8.97,1.06,4.65,-66.49,47.28,-65.43,51.94,0.00,0.00
6016.81,86.31,55.26,85.98,55.50,2316.04,498.98,1.53,9.34,0.08,5.53,-68.03,47.49,-67.95,53.02,0.00,0.00
6019.22,86.46,54.71,86.14,54.98,2310.13,510.16,0.96,9.61,-0.72,5.36,-69.79,47.72,-70.51,53.08,0.00,0.00
6022.18,86.62,54.01,86.30,54.29,2301.56,523.98,0.68,9.91,-0.12,5.46,-71.96,47.99,-72.09,53.46,0.00,0.00
6024.42,86.73,53.46,86.40,53.74,2294.18,534.66,0.74,9.93,0.50,5.02,-73.62,48.20,-73.12,53.21,0.00,0.00
6026.72,86.82,52.87,86.49,53.16,2286.11,545.54,0.64,10.15,0.11,5.54,-75.34,48.40,-75.22,53.94,0.00,0.00
6029.71,86.91,52.08,86.58,52.39,2274.95,559.82,0.27,10.35,-0.48,5.52,-77.59,48.67,-78.07,54.18,0.00,0.00
6032.07,86.96,51.43,86.64,51.77,2265.72,570.89,-0.33,10.75,-1.45,6.21,-79.39,48.87,-80.83,55.07,0.00,0.00
6034.54,86.99,50.72,86.68,51.07,2255.09,582.91,-0.71,10.79,-1.13,5.48,-81.28,49.08,-82.41,54.55,0.00,0.00
6037.41,87.00,50.00,86.71,50.23,2241.75,597.15,0.97,8.55,3.42,0.38,10.75,-44.34,14.16,-43.96,0.00,0.00
6039.73,86.99,49.31,86.70,49.53,2230.17,608.53,1.17,8.23,1.02,3.44,10.69,-44.78,11.71,-41.34,0.00,0.00
6042.20,86.96,48.61,86.68,48.85,2218.61,619.30,0.70,8.49,-0.61,4.77,10.64,-45.23,10.03,-40.45,0.00,0.00
6044.35,86.92,48.02,86.67,48.34,2210.17,627.45,-1.31,9.36,-5.35,6.70,10.59,-45.61,5.25,-38.90,0.00,0.00
6047.08,86.84,47.29,86.65,47.66,2198.62,638.28,-2.98,9.20,-4.55,4.31,10.54,-46.07,6.00,-41.77,0.00,0.00
6049.82,86.73,46.58,86.57,46.87,2184.55,649.91,-2.14,7.42,0.47,0.46,10.50,-46.52,10.97,-46.06,0.00,0.00
6051.96,86.64,46.05,86.50,46.24,2173.06,659.05,-0.90,5.34,2.46,-2.18,10.46,-46.85,12.92,-49.04,0.00,0.00
6054.44,86.51,45.46,86.40,45.60,2160.87,668.03,-0.55,3.91,0.43,-0.94,10.43,-47.23,10.86,-48.16,0.00,0.00
6057.25,86.33,44.82,86.28,44.95,2148.32,676.63,-1.34,3.04,-2.09,-0.03,10.40,-47.63,8.31,-47.66,0.00,0.00
6059.45,86.18,44.33,86.19,44.48,2138.94,682.80,-2.34,2.29,-3.43,-0.55,10.37,-47.93,6.94,-48.48,0.00,0.00
6061.89,86.00,43.82,86.06,43.92,2127.73,689.90,-2.57,0.60,-1.77,-3.18,10.35,-48.25,8.59,-51.43,0.00,0.00
6064.70,85.77,43.25,85.90,43.25,2114.20,698.20,-2.14,-2.27,-0.29,-6.25,10.33,-48.60,10.04,-54.84,0.00,0.00
6066.96,85.56,42.82,85.76,42.77,2103.96,703.76,-2.37,-4.06,-1.71,-5.99,10.32,-48.86,8.61,-54.85,0.00,0.00
6069.37,85.33,42.37,85.59,42.31,2093.76,708.35,-3.27,-5.22,-3.49,-5.02,10.31,-49.13,6.82,-54.15,0.00,0.00
6072.43,85.01,41.84,85.36,41.77,2081.13,713.69,-4.65,-7.05,-4.58,-6.50,10.30,-49.45,5.72,-55.95,0.00,0.00
6074.63,84.76,41.48,85.20,41.37,2071.94,717.50,-5.40,-8.92,-4.41,-8.73,10.30,-49.66,5.89,-58.39,0.00,0.00
6077.07,84.47,41.09,84.99,40.92,2061.22,721.47,-5.69,-11.31,-3.44,-10.53,10.31,-49.88,6.86,-60.41,0.00,0.00
6080.19,84.09,40.63,84.71,40.41,2048.24,725.25,-6.59,-13.91,-4.75,-11.12,10.32,-50.14,5.57,-61.26,0.00,0.00
6082.32,83.81,40.34,84.49,40.11,2039.69,726.59,-7.47,-14.97,-5.78,-9.98,10.33,-50.30,4.54,-60.28,0.00,0.00
6085.14,83.42,39.97,84.17,39.73,2028.37,727.51,-8.54,-16.18,-6.17,-10.23,10.35,-50.50,4.17,-60.73,0.00,0.00
6087.89,83.02,39.63,83.83,39.37,2016.88,727.91,-8.96,-17.56,-5.25,-11.29,10.37,-50.67,5.12,-61.96,0.00,0.00
6090.86,82.58,39.30,83.44,39.00,2004.40,727.54,-9.24,-19.01,-5.09,-11.95,10.40,-50.84,5.30,-62.79,0.00,0.00
6093.28,82.20,39.05,83.10,38.73,1994.47,726.39,-9.60,-19.93,-5.54,-11.87,10.43,-50.95,4.89,-62.83,0.00,0.00
6095.72,81.81,38.81,82.74,38.50,1984.71,724.28,-10.12,-20.42,-6.11,-11.20,10.46,-51.05,4.35,-62.26,0.00,0.00
6098.49,81.35,38.57,82.30,38.25,1973.42,721.01,-10.37,-20.71,-5.65,-10.88,10.50,-51.15,4.85,-62.03,0.00,0.00
6100.79,80.95,38.38,81.92,38.07,1964.17,717.89,-10.60,-21.03,-5.80,-11.22,10.54,-51.22,4.74,-62.43,0.00,0.00
6103.59,80.46,38.18,81.44,37.85,1952.85,713.65,-10.69,-21.56,-5.51,-11.73,10.60,-51.28,5.09,-63.00,0.00,0.00
6106.45,79.94,38.00,80.92,37.67,1941.36,708.16,-10.72,-21.59,-5.40,-10.85,10.65,-51.32,5.26,-62.17,0.00,0.00
6109.49,79.37,37.83,80.36,37.51,1929.50,701.43,-10.86,-21.41,-5.68,-10.41,10.72,-51.33,5.05,-61.74,0.00,0.00
6111.93,78.90,37.72,79.88,37.40,1919.89,695.39,-10.80,-21.15,-5.27,-10.02,10.78,-51.33,5.51,-61.36,0.00,0.00
6114.36,78.43,37.62,79.40,37.31,1910.53,689.08,-10.83,-21.03,-5.46,-10.28,10.85,-51.31,5.38,-61.60,0.00,0.00
6117.15,77.87,37.53,78.81,37.22,1899.39,680.87,-10.33,-20.47,-4.28,-9.22,10.92,-51.27,6.65,-60.50,0.00,0.00
6119.42,77.41,37.47,78.33,37.17,1890.80,673.81,-10.25,-20.03,-4.96,-9.05,10.99,-51.23,6.03,-60.28,0.00,0.00
6122.19,76.83,37.42,77.74,37.13,1880.58,664.80,-10.26,-19.56,-5.14,-8.94,11.08,-51.15,5.93,-60.09,0.00,0.00
6125.02,76.24,37.39,77.10,37.14,1870.15,654.26,-10.12,-18.30,-4.82,-6.92,11.17,-51.05,6.35,-57.97,0.00,0.00
6127.17,75.77,37.38,76.62,37.15,1862.35,646.19,-10.05,-17.66,-4.86,-7.36,11.24,-50.96,6.38,-58.32,0.00,0.00
6129.97,75.16,37.38,75.96,37.17,1852.06,634.99,-9.63,-16.53,-4.06,-6.24,11.35,-50.83,7.29,-57.06,0.00,0.00
6132.49,74.61,37.41,75.36,37.21,1842.88,624.55,-9.16,-15.56,-3.63,-5.86,11.44,-50.69,7.81,-56.55,0.00,0.00
6135.28,73.98,37.45,74.69,37.27,1832.90,612.55,-8.67,-14.53,-3.47,-5.41,11.55,-50.51,8.08,-55.92,0.00,0.00
6137.69,73.44,37.51,74.11,37.36,1824.80,601.57,-8.61,-13.38,-4.19,-4.31,11.65,-50.35,7.47,-54.66,0.00,0.00
6140.03,72.90,37.57,73.53,37.46,1816.89,590.58,-8.37,-12.25,-3.67,-3.71,11.75,-50.17,8.09,-53.88,0.00,0.00
6143.16,72.18,37.68,72.75,37.60,1806.45,575.55,-7.98,-10.89,-3.37,-3.27,11.89,-49.91,8.52,-53.18,0.00,0.00
6145.45,71.64,37.78,72.18,37.71,1798.87,564.24,-7.59,-9.90,-2.95,-2.79,12.00,-49.71,9.06,-52.50,0.00,0.00
6148.21,70.99,37.91,71.48,37.87,1790.14,550.20,-7.36,-8.67,-3.25,-2.11,12.13,-49.44,8.88,-51.56,0.00,0.00
6150.97,70.33,38.06,70.78,38.06,1781.75,535.50,-7.28,-7.21,-3.49,-0.96,12.27,-49.16,8.78,-50.11,0.00,0.00
6153.21,69.80,38.20,70.21,38.23,1775.25,523.59,-7.33,-6.25,-3.79,-0.99,12.39,-48.91,8.60,-49.90,0.00,0.00
6155.61,69.22,38.35,69.61,38.41,1768.33,510.75,-7.33,-5.48,-3.65,-1.14,12.52,-48.63,8.87,-49.78,0.00,0.00
6158.63,68.49,38.57,68.85,38.64,1759.65,494.52,-7.08,-4.72,-3.14,-1.10,12.68,-48.26,9.55,-49.36,0.00,0.00
6160.86,67.95,38.74,68.29,38.83,1753.63,482.17,-7.12,-4.05,-3.66,-0.53,12.81,-47.97,9.15,-48.50,0.00,0.00
6163.62,67.27,38.97,67.59,39.10,1746.46,466.35,-7.30,-3.03,-3.96,0.33,12.97,-47.59,9.02,-47.26,0.00,0.00
6166.40,66.59,39.21,66.88,39.38,1739.54,450.20,-7.51,-2.03,-4.14,0.78,13.14,-47.19,9.00,-46.41,0.00,0.00
6168.59,66.05,39.42,66.33,39.61,1734.20,437.45,-7.64,-1.46,-4.13,0.57,13.28,-46.86,9.15,-46.29,0.00,0.00
6171.05,65.44,39.66,65.71,39.87,1728.42,423.06,-7.85,-0.98,-4.36,0.48,13.43,-46.48,9.08,-46.00,0.00,0.00
6173.85,64.75,39.95,65.01,40.18,1721.99,406.43,-7.99,-0.39,-4.24,0.86,13.62,-46.02,9.38,-45.16,0.00,0.00
6176.11,64.19,40.19,64.45,40.45,1717.20,392.89,-8.33,-0.01,-4.92,0.86,13.77,-45.63,8.85,-44.78,0.00,0.00
6178.47,63.61,40.46,63.86,40.74,1712.32,378.41,-8.65,0.55,-5.01,1.44,13.93,-45.22,8.93,-43.77,0.00,0.00
6181.40,62.89,40.80,63.13,41.12,1706.71,360.33,-9.23,1.18,-5.61,1.68,14.14,-44.68,8.53,-43.00,0.00,0.00
6183.68,62.33,41.08,62.58,41.42,1702.41,346.33,-9.57,1.38,-5.51,1.11,14.30,-44.25,8.79,-43.14,0.00,0.00
6186.06,61.74,41.39,61.99,41.74,1698.04,331.48,-9.85,1.68,-5.53,1.48,14.48,-43.78,8.94,-42.30,0.00,0.00
6188.88,61.05,41.76,61.30,42.13,1693.22,313.92,-10.30,1.88,-5.95,1.30,14.69,-43.21,8.74,-41.90,0.00,0.00
6191.29,60.46,42.08,60.72,42.48,1689.38,298.65,-10.76,2.12,-6.33,1.55,14.87,-42.70,8.55,-41.15,0.00,0.00
6193.82,59.84,42.44,60.11,42.85,1685.49,282.66,-11.17,2.21,-6.40,1.28,15.07,-42.15,8.67,-40.87,0.00,0.00
6195.92,59.33,42.74,59.61,43.16,1682.39,269.32,-11.48,2.24,-6.47,1.21,15.24,-41.68,8.77,-40.47,0.00,0.00
6198.70,58.66,43.15,58.96,43.58,1678.59,251.76,-11.95,2.08,-6.81,0.75,15.47,-41.05,8.66,-40.30,0.00,0.00
6201.31,58.03,43.55,58.36,43.98,1675.32,235.26,-12.44,1.82,-7.15,0.40,15.69,-40.43,8.53,-40.03,0.00,0.00
6203.45,57.52,43.88,57.86,44.33,1672.85,221.42,-12.88,1.81,-7.49,0.89,15.87,-39.91,8.38,-39.02,0.00,0.00
6206.23,56.86,44.32,57.21,44.79,1669.87,203.31,-13.41,1.93,-7.66,1.18,16.11,-39.22,8.45,-38.04,0.00,0.00
6208.89,56.24,44.76,56.60,45.23,1667.03,186.24,-13.70,1.61,-7.38,0.21,16.35,-38.54,8.97,-38.33,0.00,0.00
6211.03,55.74,45.12,56.12,45.58,1664.88,172.62,-13.86,1.24,-7.30,-0.25,16.54,-37.97,9.24,-38.22,0.00,0.00
6213.78,55.10,45.59,55.50,46.05,1662.40,154.80,-14.10,0.99,-7.49,0.04,16.79,-37.23,9.31,-37.20,0.00,0.00
6216.46,54.49,46.05,54.92,46.52,1660.51,137.46,-14.59,0.68,-8.21,-0.25,17.05,-36.49,8.84,-36.74,0.00,0.00
6218.61,54.01,46.43,54.44,46.90,1658.99,123.46,-14.78,0.50,-7.84,-0.17,17.25,-35.89,9.41,-36.05,0.00,0.00
6221.37,53.39,46.93,53.84,47.39,1657.17,105.62,-14.89,0.11,-7.65,-0.64,17.52,-35.09,9.87,-35.73,0.00,0.00
6224.08,52.79,47.43,53.26,47.89,1655.78,87.98,-15.12,-0.16,-7.98,-0.58,17.79,-34.29,9.81,-34.87,0.00,0.00
6226.21,52.33,47.83,52.81,48.27,1654.73,74.20,-15.13,-0.44,-7.58,-0.88,18.00,-33.64,10.42,-34.52,0.00,0.00
6228.97,51.74,48.35,52.23,48.79,1653.78,56.25,-15.29,-0.70,-7.94,-0.83,18.28,-32.79,10.34,-33.62,0.00,0.00
6231.61,51.19,48.86,51.69,49.30,1653.17,39.07,-15.45,-0.93,-8.02,-0.90,18.55,-31.96,10.53,-32.85,0.00,0.00
6233.74,50.75,49.27,51.25,49.71,1652.86,25.18,-15.56,-1.03,-8.03,-0.76,18.78,-31.27,10.74,-32.04,0.00,0.00
6236.53,50.18,49.82,50.69,50.26,1652.57,7.19,-15.54,-1.39,-7.73,-1.33,19.08,-30.35,11.35,-31.69,0.00,0.00
6238.98,50.00,50.00,50.22,50.73,1652.66,-8.35,-15.64,8.35,-8.03,24.05,-19.96,-22.31,-27.99,1.74,0.00,0.00
6241.70,49.45,50.54,49.70,51.27,1652.90,-25.84,-16.04,7.99,-8.77,3.33,-20.54,-21.59,-29.31,-18.27,0.00,0.00
6244.12,48.95,51.02,49.23,51.73,1652.73,-40.89,-16.29,7.08,-8.64,1.66,-21.06,-20.93,-29.70,-19.27,0.00,0.00
6246.52,48.45,51.48,48.73,52.12,1650.99,-55.50,-15.21,5.87,-5.36,0.42,-21.57,-20.27,-26.93,-19.85,0.00,0.00
6249.47,47.81,52.04,48.11,52.64,1649.32,-74.05,-14.69,4.87,-6.47,0.73,-22.18,-19.43,-28.65,-18.69,0.00,0.00
6251.73,47.32,52.46,47.67,53.07,1649.04,-88.37,-15.54,4.22,-9.64,0.67,-22.65,-18.77,-32.29,-18.10,0.00,0.00
6254.50,46.71,52.97,47.11,53.58,1648.44,-105.93,-16.62,3.36,-10.26,0.14,-23.22,-17.94,-33.48,-17.79,0.00,0.00
6257.35,46.07,53.49,46.54,54.09,1647.48,-123.60,-17.71,2.12,-10.76,-1.14,-23.80,-17.06,-34.56,-18.20,0.00,0.00
6260.44,45.36,54.04,45.90,54.62,1645.52,-142.78,-18.35,0.76,-10.22,-1.81,-24.42,-16.09,-34.64,-17.89,0.00,0.00
6262.87,44.80,54.46,45.37,55.02,1643.35,-157.96,-18.49,-0.18,-9.53,-2.03,-24.90,-15.30,-34.43,-17.33,0.00,0.00
6265.69,44.14,54.94,44.74,55.48,1640.75,-175.85,-18.87,-0.96,-10.12,-1.87,-25.46,-14.37,-35.58,-16.24,0.00,0.00
6268.55,43.46,55.41,44.11,55.94,1637.85,-193.71,-19.31,-1.95,-10.41,-2.71,-26.02,-13.41,-36.42,-16.11,0.00,0.00
6271.61,42.73,55.91,43.41,56.40,1634.03,-212.61,-19.40,-3.18,-9.85,-3.59,-26.60,-12.35,-36.46,-15.94,0.00,0.00
6274.02,42.14,56.29,42.86,56.75,1630.62,-227.42,-19.33,-4.16,-9.53,-4.12,-27.06,-11.50,-36.59,-15.62,0.00,0.00
6276.82,41.46,56.72,42.20,57.15,1626.40,-244.80,-19.26,-4.99,-9.49,-3.98,-27.59,-10.49,-37.08,-14.47,0.00,0.00
6279.69,40.75,57.14,41.51,57.57,1621.90,-262.84,-19.30,-5.50,-9.72,-3.64,-28.13,-9.43,-37.84,-13.07,0.00,0.00
6282.67,40.02,57.57,40.79,57.97,1616.82,-281.18,-19.25,-6.27,-9.56,-4.43,-28.67,-8.31,-38.23,-12.74,0.00,0.00
6285.09,39.41,57.91,40.20,58.28,1612.19,-296.08,-18.93,-6.77,-8.81,-4.41,-29.11,-7.39,-37.92,-11.80,0.00,0.00
6287.87,38.72,58.29,39.50,58.61,1606.19,-312.89,-18.17,-7.57,-7.71,-5.22,-29.62,-6.30,-37.33,-11.52,0.00,0.00
6290.70,38.01,58.66,38.78,58.95,1599.84,-330.18,-17.40,-7.95,-7.34,-4.64,-30.12,-5.17,-37.45,-9.82,0.00,0.00
6292.88,37.46,58.94,38.22,59.21,1594.98,-343.74,-17.03,-7.88,-7.67,-3.78,-30.50,-4.29,-38.17,-8.08,0.00,0.00
6295.66,36.75,59.27,37.50,59.54,1588.55,-360.79,-16.57,-7.91,-7.45,-4.02,-30.99,-3.14,-38.44,-7.17,0.00,0.00
6298.22,36.11,59.57,36.84,59.81,1582.11,-376.04,-15.83,-8.14,-6.48,-4.51,-31.43,-2.07,-37.90,-6.59,0.00,0.00
6301.00,35.40,59.88,36.11,60.08,1574.64,-392.26,-14.81,-8.55,-5.56,-5.01,-31.90,-0.89,-37.46,-5.90,0.00,0.00
6303.32,34.81,60.13,35.51,60.29,1568.29,-405.66,-14.04,-8.86,-5.36,-5.10,-32.29,0.12,-37.65,-4.98,0.00,0.00
6306.10,34.11,60.42,34.77,60.55,1560.38,-422.03,-13.01,-8.63,-4.66,-3.90,-32.75,1.34,-37.41,-2.56,0.00,0.00
6308.94,33.39,60.69,34.01,60.81,1552.18,-438.68,-12.10,-8.20,-4.45,-3.34,-33.22,2.61,-37.66,-0.73,0.00,0.00
6311.10,32.84,60.89,33.44,60.98,1545.63,-450.83,-11.28,-8.24,-3.75,-4.22,-33.57,3.60,-37.32,-0.62,0.00,0.00
6313.87,32.14,61.12,32.71,61.18,1536.98,-466.02,-10.16,-8.39,-3.05,-4.46,-34.01,4.88,-37.06,0.42,0.00,0.00
6316.47,31.49,61.33,32.03,61.35,1528.76,-479.95,-9.21,-8.55,-2.77,-4.58,-34.42,6.09,-37.19,1.51,0.00,0.00
6319.43,30.75,61.55,31.26,61.55,1519.33,-495.99,-8.30,-8.22,-2.61,-3.56,-34.88,7.50,-37.50,3.95,0.00,0.00
6321.87,30.14,61.72,30.61,61.71,1511.27,-509.00,-7.45,-7.89,-1.99,-3.27,-35.26,8.68,-37.25,5.42,0.00,0.00
6324.38,29.52,61.88,29.97,61.85,1503.07,-521.94,-6.84,-7.69,-2.20,-3.44,-35.64,9.92,-37.85,6.48,0.00,0.00
6327.21,28.83,62.04,29.24,61.97,1493.21,-535.87,-5.72,-7.75,-0.88,-3.98,-36.07,11.32,-36.95,7.34,0.00,0.00
6329.65,28.23,62.16,28.62,62.06,1484.40,-547.49,-4.65,-7.90,-0.12,-4.26,-36.43,12.56,-36.55,8.29,0.00,0.00
6332.11,27.64,62.27,28.00,62.15,1475.87,-559.05,-4.06,-7.89,-0.85,-3.91,-36.79,13.81,-37.63,9.90,0.00,0.00
6334.92,26.96,62.38,27.30,62.25,1465.85,-572.17,-3.33,-7.59,-0.36,-3.27,-37.20,15.27,-37.55,12.00,0.00,0.00
6337.29,26.40,62.45,26.72,62.31,1457.41,-582.69,-2.88,-7.56,-0.51,-3.71,-37.53,16.52,-38.05,12.81,0.00,0.00
6340.06,25.75,62.53,26.04,62.36,1447.11,-594.56,-2.08,-7.54,0.40,-3.72,-37.92,18.00,-37.52,14.27,0.00,0.00
6342.87,25.09,62.58,25.38,62.39,1436.71,-605.85,-1.50,-7.77,0.30,-4.29,-38.31,19.51,-38.01,15.22,0.00,0.00
6345.06,24.59,62.61,24.86,62.41,1428.67,-614.60,-1.27,-7.72,-0.11,-3.76,-38.61,20.72,-38.72,16.95,0.00,0.00
6347.84,23.96,62.62,24.22,62.41,1418.19,-625.21,-0.83,-7.69,0.38,-3.78,-38.98,22.26,-38.60,18.48,0.00,0.00
6350.62,23.34,62.62,23.59,62.41,1407.97,-635.47,-0.83,-7.52,-0.43,-3.46,-39.35,23.82,-39.78,20.36,0.00,0.00
6352.78,22.86,62.60,23.11,62.38,1399.51,-642.72,-0.46,-7.79,0.63,-4.51,-39.63,25.05,-39.00,20.54,0.00,0.00
6355.56,22.26,62.56,22.52,62.31,1388.70,-651.42,-0.15,-8.25,0.49,-4.96,-39.99,26.64,-39.51,21.68,0.00,0.00
6358.15,21.71,62.50,21.97,62.25,1378.66,-659.42,-0.10,-8.36,0.04,-4.40,-40.32,28.16,-40.28,23.75,0.00,0.00
6361.04,21.11,62.42,21.37,62.16,1367.52,-667.75,-0.20,-8.47,-0.28,-4.43,-40.68,29.86,-40.96,25.43,0.00,0.00
6363.45,20.61,62.33,20.89,62.08,1358.21,-674.30,-0.45,-8.54,-0.73,-4.41,-40.97,31.30,-41.71,26.89,0.00,0.00
6365.88,20.13,62.22,20.42,61.98,1348.76,-680.36,-0.70,-8.68,-0.87,-4.61,-41.27,32.76,-42.14,28.15,0.00,0.00
6368.68,19.58,62.07,19.88,61.83,1337.60,-686.62,-0.92,-9.04,-0.86,-5.17,-41.60,34.48,-42.46,29.31,0.00,0.00
6370.96,19.14,61.94,19.46,61.69,1328.37,-691.24,-1.03,-9.34,-0.74,-5.34,-41.87,35.89,-42.61,30.54,0.00,0.00
6373.73,18.63,61.75,18.96,61.51,1317.25,-696.58,-1.41,-9.44,-1.39,-4.90,-42.19,37.62,-43.57,32.72,0.00,0.00
6376.57,18.11,61.54,18.46,61.31,1305.82,-701.39,-1.88,-9.55,-1.78,-4.96,-42.50,39.41,-44.29,34.46,0.00,0.00
6378.72,17.73,61.36,18.10,61.14,1297.14,-704.60,-2.35,-9.63,-2.25,-5.01,-42.74,40.79,-44.99,35.78,0.00,0.00
6381.50,17.26,61.11,17.64,60.88,1285.45,-707.83,-2.56,-10.06,-1.66,-5.81,-43.05,42.59,-44.71,36.78,0.00,0.00
6384.14,16.82,60.85,17.24,60.62,1274.51,-710.16,-3.04,-10.59,-2.42,-6.30,-43.33,44.31,-45.75,38.01,0.00,0.00
6387.08,16.35,60.53,16.81,60.31,1262.45,-712.24,-3.82,-10.97,-3.23,-6.11,-43.64,46.26,-46.87,40.14,0.00,0.00
6389.43,15.99,60.26,16.47,60.06,1252.85,-713.52,-4.57,-11.09,-3.88,-5.82,-43.88,47.83,-47.76,42.00,0.00,0.00
6392.22,15.59,59.91,16.09,59.73,1241.27,-714.33,-5.38,-11.29,-4.15,-5.99,-44.16,49.71,-48.31,43.72,0.00,0.00
6395.05,15.19,59.53,15.72,59.36,1229.07,-714.27,-5.90,-11.63,-3.87,-6.42,-44.44,51.65,-48.31,45.23,0.00,0.00
6397.20,14.90,59.22,15.46,59.05,1219.76,-713.63,-6.31,-11.97,-4.10,-6.76,-44.65,53.13,-48.75,46.37,0.00,0.00
6399.98,14.55,58.81,15.13,58.64,1207.63,-712.22,-6.84,-12.31,-4.38,-6.78,-44.91,55.07,-49.30,48.29,0.00,0.00
6402.50,14.24,58.40,14.85,58.26,1196.86,-710.53,-7.63,-12.38,-5.37,-6.33,-45.15,56.84,-50.52,50.51,0.00,0.00
6405.29,13.93,57.93,14.57,57.81,1184.86,-707.87,-8.50,-12.50,-5.82,-6.46,-45.40,58.82,-51.22,52.37,0.00,0.00
6407.61,13.68,57.52,14.33,57.41,1174.47,-705.17,-8.89,-12.47,-5.29,-6.19,-45.61,60.49,-50.90,54.30,0.00,0.00
6410.39,13.41,57.00,14.08,56.91,1162.12,-701.24,-9.53,-12.40,-5.92,-6.07,-45.85,62.50,-51.77,56.43,0.00,0.00
6413.25,13.15,56.44,13.82,56.37,1148.98,-696.51,-9.86,-12.14,-5.51,-5.61,-46.09,64.60,-51.60,58.99,0.00,0.00
6415.41,12.97,55.99,13.65,55.94,1139.23,-692.38,-10.33,-11.92,-6.23,-5.46,-46.27,66.20,-52.50,60.74,0.00,0.00
6418.22,12.76,55.39,13.44,55.36,1126.24,-686.23,-10.70,-11.65,-6.02,-5.33,-46.50,68.30,-52.52,62.96,0.00,0.00
6420.65,12.59,54.84,13.28,54.84,1115.10,-680.27,-11.16,-11.34,-6.52,-5.04,-46.69,70.13,-53.21,65.09,0.00,0.00
6423.65,12.42,54.14,13.09,54.16,1100.91,-672.23,-11.38,-10.71,-6.05,-4.31,-46.92,72.41,-52.97,68.10,0.00,0.00
6425.85,12.31,53.60,12.98,53.64,1090.54,-665.66,-11.60,-10.28,-6.30,-4.16,-47.09,74.10,-53.39,69.94,0.00,0.00
6428.67,12.19,52.88,12.85,52.95,1077.22,-656.50,-11.91,-9.64,-6.51,-3.68,-47.30,76.28,-53.81,72.60,0.00,0.00
6431.25,12.11,52.20,12.75,52.31,1064.94,-647.60,-12.20,-8.71,-6.65,-2.54,-47.48,78.31,-54.13,75.76,0.00,0.00
6434.03,12.04,51.44,12.68,51.57,1051.71,-636.68,-12.51,-8.17,-6.82,-3.11,-47.67,80.50,-54.49,77.38,0.00,0.00
6436.37,12.01,50.77,12.62,50.94,1040.53,-627.30,-12.79,-7.14,-7.00,-1.38,-47.83,82.37,-54.83,80.98,0.00,0.00
6439.16,12.00,50.00,12.59,50.15,1027.10,-614.84,-12.15,-7.23,-4.92,-3.77,45.60,-9.48,40.69,-13.25,0.00,0.00
6441.95,12.01,49.18,12.57,49.32,1013.24,-601.68,-11.48,-6.73,-4.54,-2.46,46.09,-9.41,41.55,-11.86,0.00,0.00
6444.11,12.04,48.57,12.58,48.74,1003.72,-591.90,-11.52,-5.95,-5.85,-1.19,46.46,-9.36,40.61,-10.54,0.00,0.00
6446.88,12.11,47.80,12.70,48.13,995.68,-579.99,-14.93,-4.34,-13.60,0.74,46.91,-9.30,33.31,-8.56,0.00,0.00
6449.50,12.19,47.11,12.75,47.45,985.55,-568.02,-14.74,-3.60,-7.02,-0.39,47.32,-9.25,40.30,-9.64,0.00,0.00
6451.65,12.28,46.56,12.78,46.84,976.01,-557.47,-12.77,-3.74,-1.78,-2.20,47.65,-9.21,45.86,-11.42,0.00,0.00
6454.42,12.41,45.88,12.85,46.05,964.26,-543.49,-9.98,-4.32,0.02,-3.19,48.04,-9.17,48.07,-12.36,0.00,0.00
6456.88,12.56,45.30,12.93,45.42,955.21,-532.00,-8.13,-3.99,-0.30,-1.33,48.38,-9.14,48.08,-10.46,0.00,0.00
6459.90,12.76,44.62,13.07,44.77,946.99,-518.95,-7.80,-2.62,-3.35,0.96,48.77,-9.11,45.42,-8.14,0.00,0.00
6462.30,12.93,44.10,13.18,44.25,940.20,-508.64,-6.54,-1.54,-0.64,1.48,49.06,-9.09,48.42,-7.61,0.00,0.00
6464.85,13.14,43.57,13.30,43.66,932.35,-497.04,-3.91,-1.04,3.18,0.47,49.36,-9.07,52.54,-8.60,0.00,0.00
6466.97,13.33,43.15,13.41,43.18,926.36,-487.46,-1.69,-0.67,4.43,0.54,49.59,-9.06,54.02,-8.52,0.00,0.00
6469.70,13.60,42.63,13.57,42.63,920.03,-475.80,0.47,0.47,4.17,2.32,49.87,-9.05,54.04,-6.73,0.00,0.00
6472.47,13.89,42.13,13.75,42.13,914.84,-464.55,2.22,2.11,4.28,4.02,50.14,-9.05,54.42,-5.03,0.00,0.00
6474.69,14.13,41.75,13.91,41.76,911.30,-455.84,3.59,3.67,4.87,5.34,50.33,-9.05,55.20,-3.71,0.00,0.00
6477.01,14.41,41.38,14.10,41.36,907.85,-446.13,5.30,4.64,6.32,4.42,50.53,-9.05,56.85,-4.64,0.00,0.00
6479.14,14.67,41.04,14.28,40.99,904.84,-437.19,7.18,5.42,8.04,4.53,50.69,-9.06,58.73,-4.53,0.00,0.00
6481.88,15.02,40.64,14.54,40.54,901.70,-425.52,9.54,6.20,9.06,4.54,50.88,-9.08,59.94,-4.55,0.00,0.00
6484.63,15.40,40.26,14.82,40.14,899.61,-414.51,11.57,7.57,9.47,6.28,51.06,-9.10,60.53,-2.82,0.00,0.00
6486.91,15.73,39.96,15.06,39.84,898.71,-405.70,12.96,8.95,9.54,7.49,51.19,-9.13,60.73,-1.64,0.00,0.00
6489.30,16.08,39.67,15.31,39.55,898.10,-396.69,14.61,10.54,10.76,8.61,51.31,-9.16,62.07,-0.55,0.00,0.00
6491.43,16.41,39.43,15.57,39.29,898.10,-388.39,15.98,11.62,11.20,8.33,51.40,-9.19,62.60,-0.86,0.00,0.00
6494.18,16.85,39.13,15.92,38.96,898.41,-377.27,18.05,12.53,12.77,7.92,51.51,-9.23,64.28,-1.31,0.00,0.00
6496.88,17.30,38.87,16.29,38.67,899.66,-366.44,19.76,13.33,13.06,8.15,51.59,-9.28,64.65,-1.14,0.00,0.00
6498.98,17.66,38.68,16.59,38.47,901.37,-358.31,20.79,14.19,12.86,9.16,51.64,-9.32,64.50,-0.16,0.00,0.00
6501.76,18.14,38.44,17.01,38.25,904.54,-347.74,21.85,15.43,12.81,9.93,51.69,-9.38,64.51,0.55,0.00,0.00
6504.53,18.65,38.24,17.46,38.04,908.62,-336.93,22.60,16.24,12.66,9.60,51.72,-9.45,64.38,0.14,0.00,0.00
6506.74,19.06,38.09,17.84,37.88,912.12,-328.14,23.42,16.64,13.56,9.23,51.73,-9.51,65.30,-0.28,0.00,0.00
6509.08,19.51,37.95,18.25,37.72,916.16,-318.74,24.36,16.85,14.18,8.86,51.73,-9.57,65.91,-0.72,0.00,0.00
6511.99,20.07,37.79,18.78,37.54,922.09,-307.13,25.21,17.05,14.07,8.86,51.70,-9.66,65.77,-0.80,0.00,0.00
6514.34,20.54,37.69,19.24,37.46,928.09,-298.21,25.16,17.54,12.48,9.82,51.66,-9.73,64.14,0.09,0.00,0.00
6516.78,21.04,37.59,19.73,37.40,935.23,-289.14,24.64,18.14,11.25,10.29,51.61,-9.82,62.86,0.48,0.00,0.00
6518.91,21.48,37.53,20.17,37.33,941.41,-280.92,24.60,18.27,12.22,9.45,51.55,-9.89,63.77,-0.44,0.00,0.00
6521.66,22.06,37.46,20.76,37.24,949.43,-269.82,24.98,17.81,13.17,8.07,51.45,-10.00,64.62,-1.93,0.00,0.00
6524.36,22.65,37.41,21.36,37.19,958.41,-259.15,24.75,17.43,11.96,8.01,51.34,-10.10,63.30,-2.10,0.00,0.00
6526.46,23.11,37.39,21.83,37.19,966.19,-251.37,24.12,17.54,10.55,9.02,51.23,-10.19,61.78,-1.17,0.00,0.00
6529.28,23.73,37.38,22.49,37.22,977.38,-241.13,22.99,17.74,9.49,9.23,51.08,-10.31,60.57,-1.08,0.00,0.00
6532.02,24.35,37.39,23.13,37.25,988.38,-231.17,22.21,17.74,9.69,8.86,50.91,-10.44,60.60,-1.57,0.00,0.00
6534.15,24.84,37.41,23.64,37.26,996.93,-223.00,21.97,17.20,10.43,7.36,50.76,-10.54,61.19,-3.18,0.00,0.00
6536.58,25.40,37.44,24.24,37.30,1007.39,-213.88,21.32,16.67,9.33,7.23,50.58,-10.66,59.91,-3.42,0.00,0.00
6539.51,26.08,37.51,24.99,37.39,1021.17,-203.14,19.83,16.08,7.36,7.03,50.34,-10.81,57.70,-3.78,0.00,0.00
6541.70,26.60,37.57,25.55,37.49,1032.07,-195.40,18.40,15.77,5.93,7.18,50.15,-10.92,56.07,-3.74,0.00,0.00
6544.16,27.19,37.66,26.19,37.60,1044.24,-186.75,17.24,15.36,6.27,6.84,49.91,-11.06,56.18,-4.22,0.00,0.00
6546.94,27.85,37.77,26.90,37.72,1057.97,-177.12,16.30,14.83,6.46,6.47,49.63,-11.22,56.08,-4.75,0.00,0.00
6549.19,28.40,37.87,27.49,37.84,1069.35,-169.41,15.58,14.34,6.18,6.08,49.38,-11.35,55.57,-5.27,0.00,0.00
6551.59,28.99,38.00,28.13,37.99,1082.43,-161.35,14.16,13.84,4.13,5.87,49.11,-11.50,53.24,-5.62,0.00,0.00
6554.36,29.67,38.16,28.89,38.18,1097.92,-152.16,12.48,13.19,3.19,5.42,48.77,-11.67,51.96,-6.25,0.00,0.00
6556.65,30.24,38.31,29.51,38.35,1110.90,-144.78,11.20,12.71,2.81,5.32,48.48,-11.82,51.29,-6.50,0.00,0.00
6559.00,30.82,38.47,30.16,38.53,1124.44,-137.11,9.87,11.96,2.12,4.36,48.16,-11.98,50.28,-7.62,0.00,0.00
6561.90,31.55,38.69,30.94,38.76,1141.07,-128.01,8.67,11.19,2.27,4.27,47.75,-12.18,50.02,-7.91,0.00,0.00
6564.24,32.14,38.87,31.58,38.97,1154.87,-120.92,7.58,10.63,1.46,4.13,47.40,-12.34,48.87,-8.21,0.00,0.00
6566.67,32.75,39.08,32.24,39.20,1169.46,-113.93,6.43,10.27,0.84,4.39,47.03,-12.52,47.87,-8.13,0.00,0.00
6568.82,33.29,39.28,32.82,39.42,1182.71,-108.06,5.25,10.11,-0.12,4.69,46.68,-12.68,46.56,-7.99,0.00,0.00
6571.61,34.00,39.54,33.58,39.72,1199.87,-100.50,3.96,9.73,-0.34,4.19,46.21,-12.89,45.87,-8.70,0.00,0.00
6574.18,34.65,39.80,34.27,39.99,1215.71,-93.56,3.07,9.23,-0.18,3.65,45.76,-13.09,45.58,-9.45,0.00,0.00
6576.33,35.19,40.03,34.85,40.23,1229.01,-88.00,2.36,8.86,-0.47,3.57,45.38,-13.27,44.91,-9.69,0.00,0.00
6579.04,35.88,40.33,35.58,40.55,1246.23,-81.34,1.31,8.58,-1.29,3.76,44.87,-13.49,43.57,-9.73,0.00,0.00
6581.82,36.58,40.65,36.32,40.90,1264.08,-75.08,0.20,8.58,-1.89,4.28,44.33,-13.72,42.44,-9.44,0.00,0.00
6584.02,37.14,40.91,36.90,41.18,1278.31,-70.09,-0.55,8.39,-1.98,3.78,43.88,-13.91,41.90,-10.13,0.00,0.00
6586.40,37.74,41.21,37.52,41.49,1293.39,-64.93,-1.00,8.21,-1.44,3.71,43.39,-14.12,41.95,-10.41,0.00,0.00
6589.24,38.46,41.57,38.26,41.86,1311.65,-59.02,-1.54,8.01,-1.72,3.67,42.78,-14.38,41.06,-10.71,0.00,0.00
6591.57,39.04,41.88,38.85,42.19,1326.65,-54.54,-1.90,8.01,-1.72,3.99,42.27,-14.59,40.55,-10.61,0.00,0.00
6593.89,39.62,42.20,39.44,42.53,1341.84,-50.47,-2.36,8.22,-2.18,4.56,41.74,-14.81,39.56,-10.25,0.00,0.00
6596.89,40.37,42.63,40.20,42.97,1361.46,-45.35,-2.82,8.33,-2.17,4.36,41.04,-15.10,38.87,-10.74,0.00,0.00
6599.22,40.94,42.97,40.78,43.32,1376.75,-41.51,-3.11,8.34,-2.16,4.18,40.48,-15.33,38.31,-11.15,0.00,0.00
6601.62,41.53,43.33,41.38,43.68,1392.48,-37.71,-3.29,8.29,-2.03,4.05,39.88,-15.57,37.85,-11.51,0.00,0.00
6604.44,42.22,43.76,42.06,44.12,1410.79,-33.77,-3.27,8.49,-1.59,4.60,39.17,-15.85,37.57,-11.25,0.00,0.00
6606.85,42.80,44.14,42.63,44.51,1426.56,-30.74,-3.24,8.77,-1.56,4.96,38.53,-16.11,36.97,-11.14,0.00,0.00
6609.30,43.39,44.54,43.21,44.92,1442.69,-27.91,-3.29,9.06,-1.76,5.13,37.88,-16.36,36.12,-11.23,0.00,0.00
6611.46,43.90,44.90,43.72,45.28,1456.84,-25.55,-3.20,9.29,-1.39,5.16,37.29,-16.60,35.90,-11.44,0.00,0.00
6614.22,44.55,45.36,44.36,45.75,1475.01,-22.79,-3.12,9.54,-1.41,5.24,36.51,-16.90,35.11,-11.66,0.00,0.00
6616.74,45.14,45.80,44.93,46.18,1491.54,-20.52,-2.92,9.78,-1.08,5.36,35.79,-17.18,34.71,-11.82,0.00,0.00
6618.89,45.63,46.17,45.41,46.56,1505.60,-18.87,-2.71,10.07,-0.85,5.70,35.15,-17.43,34.31,-11.73,0.00,0.00
6621.67,46.27,46.67,46.01,47.06,1523.66,-17.18,-2.31,10.60,-0.44,6.25,34.32,-17.75,33.88,-11.50,0.00,0.00
6624.29,46.85,47.14,46.57,47.54,1540.71,-15.84,-1.97,11.06,-0.34,6.42,33.51,-18.05,33.18,-11.64,0.00,0.00
6626.38,47.31,47.53,47.02,47.92,1554.18,-14.88,-1.55,11.33,0.22,6.32,32.86,-18.30,33.08,-11.99,0.00,0.00
6629.15,47.92,48.05,47.59,48.44,1572.02,-13.82,-1.03,11.64,0.42,6.37,31.97,-18.64,32.40,-12.27,0.00,0.00
6631.74,48.47,48.54,48.12,48.93,1588.68,-13.36,-0.54,12.15,0.67,7.08,31.13,-18.96,31.80,-11.88,0.00,0.00
6633.82,48.91,48.95,48.53,49.33,1602.04,-13.10,-0.18,12.47,0.80,6.99,30.43,-19.22,31.23,-12.23,0.00,0.00
6636.71,49.51,49.51,49.10,49.90,1620.58,-13.05,0.37,12.92,1.13,7.24,29.45,-19.59,30.57,-12.35,0.00,0.00
6639.35,50.00,50.00,49.60,50.40,1637.08,-13.12,-0.06,13.12,-0.85,6.93,38.38,-22.86,37.53,-15.92,0.00,0.00
6641.42,50.41,50.42,50.00,50.81,1650.29,-13.34,0.30,13.25,1.02,6.94,37.68,-22.73,38.70,-15.79,0.00,0.00
6644.16,50.95,50.98,50.51,51.36,1667.76,-13.91,0.83,13.43,1.38,7.05,36.74,-22.56,38.11,-15.51,0.00,0.00
6646.92,51.48,51.56,51.03,51.94,1685.60,-14.83,1.22,13.65,1.33,7.22,35.76,-22.38,37.09,-15.16,0.00,0.00
6649.07,51.89,52.01,51.42,52.38,1699.31,-15.71,1.68,13.77,1.89,7.16,34.99,-22.24,36.88,-15.08,0.00,0.00
6651.48,52.35,52.53,51.86,52.88,1714.51,-16.72,2.39,13.70,2.67,6.72,34.11,-22.07,36.78,-15.35,0.00,0.00
6654.53,52.91,53.20,52.41,53.52,1734.09,-18.11,2.96,13.40,2.42,6.20,32.98,-21.86,35.40,-15.66,0.00,0.00
6656.78,53.32,53.70,52.82,54.00,1748.55,-19.27,3.40,13.08,2.68,5.83,32.13,-21.70,34.80,-15.86,0.00,0.00
6659.09,53.73,54.22,53.23,54.49,1763.54,-20.65,3.68,12.74,2.45,5.63,31.24,-21.53,33.68,-15.90,0.00,0.00
6662.08,54.26,54.90,53.76,55.15,1782.85,-22.79,4.05,12.34,2.65,5.50,30.07,-21.30,32.72,-15.81,0.00,0.00
6664.43,54.66,55.44,54.16,55.66,1797.88,-24.50,4.46,11.82,3.09,4.82,29.14,-21.12,32.23,-16.31,0.00,0.00
6666.89,55.08,56.01,54.59,56.21,1813.79,-26.48,4.71,11.24,2.86,4.44,28.14,-20.93,31.00,-16.49,0.00,0.00
6669.04,55.43,56.51,54.96,56.69,1827.65,-28.26,4.85,10.61,2.76,3.83,27.26,-20.76,30.02,-16.92,0.00,0.00
6671.80,55.88,57.16,55.43,57.32,1845.65,-30.87,4.80,9.88,2.32,3.61,26.12,-20.53,28.43,-16.92,0.00,0.00
6674.41,56.29,57.78,55.86,57.91,1862.50,-33.49,4.86,9.07,2.54,2.98,25.01,-20.31,27.55,-17.33,0.00,0.00
6676.54,56.62,58.29,56.20,58.39,1875.90,-35.82,5.15,8.43,3.26,2.71,24.10,-20.13,27.36,-17.42,0.00,0.00
6678.97,56.98,58.88,56.59,58.95,1891.37,-38.56,5.25,7.59,2.82,2.06,23.04,-19.92,25.86,-17.86,0.00,0.00
6681.83,57.40,59.57,57.03,59.61,1909.39,-42.17,5.46,6.69,3.10,1.79,21.78,-19.67,24.87,-17.88,0.00,0.00
6684.10,57.73,60.12,57.38,60.14,1923.72,-45.18,5.46,5.94,2.74,1.31,20.76,-19.46,23.50,-18.15,0.00,0.00
6686.43,58.05,60.69,57.72,60.69,1938.31,-48.58,5.45,5.31,2.69,1.29,19.70,-19.25,22.39,-17.95,0.00,0.00
6688.58,58.34,61.22,58.03,61.19,1951.56,-51.70,5.56,4.53,3.03,0.47,18.71,-19.05,21.74,-18.58,0.00,0.00
6691.33,58.69,61.89,58.41,61.83,1968.26,-56.01,5.78,3.64,3.29,0.19,17.43,-18.78,20.72,-18.59,0.00,0.00
6693.94,59.02,62.54,58.75,62.44,1984.03,-60.40,5.89,2.86,3.15,-0.05,16.20,-18.53,19.35,-18.58,0.00,0.00
6696.07,59.28,63.06,59.03,62.95,1996.75,-64.14,6.00,2.22,3.26,-0.41,15.18,-18.32,18.44,-18.73,0.00,0.00
6698.48,59.56,63.66,59.33,63.51,2011.01,-68.49,6.11,1.43,3.29,-0.92,14.01,-18.08,17.30,-19.00,0.00,0.00
6701.26,59.87,64.34,59.66,64.18,2027.34,-73.92,6.13,0.71,3.11,-0.95,12.64,-17.80,15.75,-18.74,0.00,0.00
6703.49,60.11,64.90,59.91,64.71,2040.11,-78.49,6.28,0.18,3.48,-1.10,11.53,-17.56,15.01,-18.66,0.00,0.00
6705.86,60.35,65.48,60.17,65.27,2053.44,-83.52,6.48,-0.38,3.66,-1.35,10.34,-17.32,14.00,-18.67,0.00,0.00
6708.70,60.63,66.18,60.46,65.94,2069.22,-89.71,6.74,-1.13,3.82,-1.88,8.89,-17.01,12.71,-18.89,0.00,0.00
6711.01,60.84,66.75,60.68,66.49,2081.85,-95.01,6.86,-1.63,3.68,-1.90,7.69,-16.76,11.38,-18.66,0.00,0.00
6713.35,61.05,67.32,60.90,67.04,2094.42,-100.55,7.04,-2.14,3.91,-2.17,6.47,-16.50,10.38,-18.67,0.00,0.00
6716.17,61.28,68.01,61.14,67.71,2109.21,-107.58,7.31,-2.61,4.15,-2.13,4.98,-16.19,9.12,-18.32,0.00,0.00
6718.58,61.46,68.60,61.33,68.28,2121.65,-113.80,7.46,-2.96,4.03,-2.22,3.69,-15.91,7.71,-18.13,0.00,0.00
6721.08,61.64,69.20,61.52,68.86,2134.37,-120.30,7.55,-3.47,3.96,-2.74,2.33,-15.62,6.29,-18.36,0.00,0.00
6723.23,61.78,69.72,61.66,69.37,2144.92,-126.23,7.82,-3.71,4.53,-2.42,1.15,-15.37,5.68,-17.79,0.00,0.00
6725.98,61.95,70.38,61.83,70.02,2158.32,-134.06,7.90,-3.95,4.10,-2.42,-0.38,-15.04,3.73,-17.46,0.00,0.00
6728.68,62.09,71.02,61.97,70.64,2170.89,-142.05,8.25,-4.09,4.77,-2.31,-1.90,-14.72,2.88,-17.02,0.00,0.00
6730.81,62.20,71.52,62.07,71.14,2180.64,-148.43,8.38,-4.24,4.49,-2.48,-3.10,-14.46,1.38,-16.93,0.00,0.00
6733.57,62.31,72.17,62.19,71.77,2192.93,-156.95,8.62,-4.39,4.75,-2.47,-4.69,-14.11,0.06,-16.58,0.00,0.00
6736.35,62.41,72.81,62.28,72.40,2204.64,-165.72,9.07,-4.53,5.34,-2.51,-6.30,-13.76,-0.97,-16.27,0.00,0.00
6738.50,62.48,73.31,62.31,72.87,2212.94,-172.75,9.86,-4.50,6.77,-2.19,-7.56,-13.49,-0.79,-15.68,0.00,0.00
6741.31,62.54,73.94,62.35,73.47,2223.49,-182.04,10.85,-4.57,7.19,-2.41,-9.24,-13.13,-2.05,-15.54,0.00,0.00
6744.13,62.59,74.57,62.40,74.10,2234.59,-191.45,10.84,-4.74,5.41,-2.66,-10.93,-12.76,-5.51,-15.42,0.00,0.00
6746.26,62.61,75.05,62.42,74.57,2242.58,-199.03,10.94,-4.54,5.70,-1.82,-12.23,-12.47,-6.52,-14.30,0.00,0.00
6749.13,62.62,75.67,62.42,75.20,2252.93,-209.18,10.99,-4.45,5.57,-2.05,-13.98,-12.09,-8.42,-14.14,0.00,0.00
6751.73,62.61,76.23,62.42,75.76,2262.01,-218.47,10.90,-4.45,5.28,-2.23,-15.60,-11.73,-10.31,-13.96,0.00,0.00
6754.60,62.58,76.84,62.38,76.37,2271.32,-228.91,11.01,-4.48,5.71,-2.29,-17.40,-11.34,-11.70,-13.62,0.00,0.00
6756.98,62.54,77.33,62.34,76.86,2278.82,-237.70,10.89,-4.47,5.19,-2.22,-18.91,-11.00,-13.72,-13.22,0.00,0.00
6759.77,62.47,77.90,62.29,77.44,2287.41,-248.01,10.45,-4.62,4.43,-2.58,-20.70,-10.61,-16.27,-13.18,0.00,0.00
6762.57,62.38,78.46,62.22,78.01,2295.69,-258.51,9.80,-4.79,3.75,-2.71,-22.52,-10.20,-18.76,-12.91,0.00,0.00
6764.72,62.29,78.88,62.16,78.44,2301.62,-266.57,9.34,-5.02,3.58,-3.03,-23.92,-9.89,-20.34,-12.93,0.00,0.00
6767.59,62.15,79.43,62.06,79.00,2309.20,-277.21,8.54,-5.62,2.87,-3.86,-25.82,-9.47,-22.95,-13.33,0.00,0.00
6770.22,62.01,79.92,61.96,79.50,2315.75,-287.25,7.65,-6.03,2.15,-3.79,-27.58,-9.08,-25.43,-12.86,0.00,0.00
6772.39,61.87,80.32,61.86,79.91,2320.78,-295.51,6.87,-6.45,1.64,-4.20,-29.04,-8.75,-27.41,-12.95,0.00,0.00
6775.20,61.67,80.82,61.72,80.43,2326.96,-306.36,5.66,-7.00,0.68,-4.48,-30.95,-8.32,-30.28,-12.80,0.00,0.00
6777.69,61.48,81.25,61.57,80.88,2331.90,-316.12,4.59,-7.49,0.14,-4.72,-32.67,-7.94,-32.53,-12.66,0.00,0.00
6780.64,61.23,81.74,61.38,81.39,2337.18,-327.59,3.23,-8.27,-0.70,-5.47,-34.72,-7.48,-35.41,-12.94,0.00,0.00
6783.01,61.00,82.13,61.21,81.80,2341.07,-337.04,1.95,-8.79,-1.72,-5.47,-36.38,-7.10,-38.10,-12.58,0.00,0.00
6785.36,60.76,82.50,61.03,82.18,2344.38,-346.35,0.74,-9.45,-2.19,-6.13,-38.04,-6.73,-40.23,-12.86,0.00,0.00
6788.15,60.45,82.92,60.78,82.62,2347.48,-357.65,-0.48,-10.11,-2.43,-6.24,-40.03,-6.28,-42.47,-12.51,0.00,0.00
6790.42,60.18,83.25,60.56,82.97,2349.63,-366.86,-1.62,-10.71,-3.33,-6.69,-41.66,-5.91,-45.00,-12.60,0.00,0.00
6793.21,59.83,83.64,60.27,83.39,2351.74,-378.35,-3.13,-11.42,-4.27,-6.99,-43.70,-5.45,-47.96,-12.43,0.00,0.00
6795.89,59.47,84.00,59.98,83.77,2353.15,-389.38,-4.65,-12.19,-5.15,-7.52,-45.66,-5.00,-50.81,-12.52,0.00,0.00
6798.79,59.04,84.36,59.63,84.16,2353.98,-401.53,-6.36,-12.95,-6.14,-7.79,-47.81,-4.51,-53.95,-12.30,0.00,0.00
6801.13,58.68,84.64,59.33,84.47,2354.01,-411.44,-7.69,-13.54,-6.68,-8.04,-49.56,-4.12,-56.24,-12.16,0.00,0.00
6803.93,58.23,84.96,58.94,84.81,2353.24,-423.37,-9.19,-14.27,-7.27,-8.44,-51.67,-3.63,-58.94,-12.07,0.00,0.00
6806.74,57.74,85.26,58.52,85.12,2351.35,-435.41,-10.36,-15.03,-7.26,-8.86,-53.81,-3.15,-61.07,-12.00,0.00,0.00
6809.88,57.17,85.57,58.01,85.45,2348.47,-449.27,-11.86,-15.61,-8.32,-8.74,-56.22,-2.59,-64.54,-11.33,0.00,0.00
6812.26,56.71,85.78,57.60,85.70,2345.75,-460.04,-13.15,-15.91,-9.27,-8.58,-58.07,-2.17,-67.35,-10.75,0.00,0.00
6815.07,56.14,86.01,57.08,85.97,2341.66,-472.94,-14.55,-16.12,-9.78,-8.43,-60.27,-1.66,-70.06,-10.09,0.00,0.00
6817.94,55.53,86.23,56.52,86.21,2336.45,-486.04,-15.84,-16.51,-10.15,-8.93,-62.54,-1.14,-72.69,-10.07,0.00,0.00
6820.94,54.86,86.42,55.90,86.43,2330.03,-499.79,-17.15,-16.91,-10.77,-9.13,-64.93,-0.59,-75.69,-9.72,0.00,0.00
6823.35,54.30,86.56,55.37,86.58,2323.75,-511.04,-17.83,-17.15,-10.32,-9.07,-66.87,-0.15,-77.19,-9.22,0.00,0.00
6826.16,53.62,86.70,54.72,86.76,2316.10,-524.40,-19.09,-17.21,-11.80,-8.71,-69.14,0.38,-80.95,-8.33,0.00,0.00
6829.03,52.88,86.82,54.04,86.92,2307.45,-538.31,-20.52,-17.16,-12.75,-8.48,-71.50,0.92,-84.25,-7.56,0.00,0.00
6832.03,52.09,86.91,53.28,87.03,2296.92,-552.37,-21.52,-17.59,-12.43,-9.51,-73.97,1.50,-86.40,-8.02,0.00,0.00
6834.44,51.43,86.96,52.65,87.10,2287.83,-564.02,-22.47,-17.66,-13.20,-8.99,-75.98,1.96,-89.19,-7.03,0.00,0.00
6837.26,50.62,86.99,51.87,87.16,2275.87,-577.73,-23.16,-17.72,-12.80,-8.97,-78.35,2.51,-91.14,-6.46,0.00,0.00
6840.07,50.00,87.00,51.07,87.20,2263.50,-591.53,-20.78,-14.17,-6.17,-0.77,-41.11,41.19,-47.27,40.42,0.00,0.00
6842.22,49.36,86.99,50.42,87.22,2253.11,-602.38,-20.93,-13.59,-10.80,-5.43,-40.56,41.44,-51.35,36.01,0.00,0.00
6845.03,48.56,86.96,49.59,87.19,2239.09,-615.56,-20.63,-12.98,-9.79,-5.41,-39.83,41.75,-49.62,36.34,0.00,0.00
6847.48,47.89,86.90,48.90,87.15,2227.16,-626.26,-20.59,-12.46,-10.22,-5.16,-39.20,42.01,-49.42,36.85,0.00,0.00
6850.33,47.13,86.82,48.08,87.09,2212.72,-638.59,-19.98,-11.12,-8.92,-3.21,-38.46,42.28,-47.38,39.07,0.00,0.00
6852.53,46.57,86.73,47.47,87.02,2201.71,-647.38,-19.56,-10.13,-8.82,-2.82,-37.88,42.48,-46.70,39.66,0.00,0.00
6855.40,45.86,86.60,46.68,86.90,2186.82,-658.37,-18.42,-8.49,-7.22,-1.40,-37.12,42.72,-44.34,41.32,0.00,0.00
6857.95,45.26,86.46,46.02,86.77,2173.83,-667.05,-17.57,-7.33,-7.13,-1.38,-36.44,42.91,-43.57,41.52,0.00,0.00
6860.73,44.63,86.28,45.33,86.60,2159.68,-675.62,-16.60,-6.14,-6.56,-0.94,-35.70,43.10,-42.26,42.17,0.00,0.00
6863.05,44.13,86.11,44.77,86.45,2148.17,-682.27,-16.01,-4.99,-6.72,0.00,-35.07,43.25,-41.80,43.25,0.00,0.00
6865.82,43.56,85.90,44.15,86.24,2134.59,-689.11,-15.41,-3.97,-6.63,-0.15,-34.32,43.40,-40.95,43.25,0.00,0.00
6868.64,43.00,85.65,43.53,86.02,2120.75,-695.43,-14.66,-2.71,-6.01,0.88,-33.55,43.53,-39.56,44.41,0.00,0.00
6870.80,42.60,85.45,43.08,85.82,2110.13,-699.61,-14.03,-1.86,-5.56,1.04,-32.96,43.62,-38.52,44.66,0.00,0.00
6873.58,42.10,85.17,42.53,85.54,2096.51,-704.18,-13.13,-0.85,-4.93,1.40,-32.19,43.72,-37.13,45.12,0.00,0.00
6876.17,41.66,84.89,42.05,85.26,2083.98,-707.41,-12.41,-0.24,-4.82,1.05,-31.47,43.79,-36.29,44.84,0.00,0.00
6878.96,41.21,84.56,41.56,84.93,2070.80,-709.96,-11.84,0.23,-4.90,0.96,-30.69,43.85,-35.59,44.81,0.00,0.00
6881.32,40.85,84.28,41.18,84.65,2059.84,-711.52,-11.41,0.64,-4.80,1.18,-30.03,43.89,-34.83,45.06,0.00,0.00
6883.64,40.52,83.98,40.83,84.35,2049.20,-712.51,-11.11,1.01,-4.89,1.30,-29.37,43.90,-34.26,45.21,0.00,0.00
6886.47,40.14,83.60,40.43,83.98,2036.59,-712.84,-10.95,1.27,-5.19,1.11,-28.57,43.91,-33.76,45.02,0.00,0.00
6888.74,39.85,83.29,40.14,83.64,2026.33,-712.13,-10.60,1.06,-4.53,0.05,-27.92,43.89,-32.45,43.95,0.00,0.00
6891.15,39.56,82.93,39.85,83.27,2015.58,-710.73,-10.31,0.69,-4.57,-0.42,-27.22,43.87,-31.79,43.44,0.00,0.00
6894.11,39.23,82.49,39.53,82.81,2002.66,-708.44,-10.04,0.38,-4.56,-0.34,-26.37,43.81,-30.93,43.47,0.00,0.00
6896.30,39.01,82.14,39.32,82.46,1993.57,-706.31,-10.24,0.21,-5.56,-0.29,-25.73,43.75,-31.29,43.47,0.00,0.00
6899.06,38.75,81.70,39.06,82.00,1981.83,-702.88,-10.11,-0.16,-4.83,-0.74,-24.92,43.67,-29.75,42.93,0.00,0.00
6901.75,38.52,81.24,38.84,81.53,1970.50,-698.84,-9.98,-0.59,-4.74,-1.09,-24.12,43.56,-28.86,42.47,0.00,0.00
6904.65,38.29,80.74,38.63,81.00,1958.24,-693.59,-9.60,-1.30,-4.14,-1.86,-23.26,43.43,-27.40,41.56,0.00,0.00
6907.04,38.13,80.32,38.48,80.55,1948.63,-688.71,-9.67,-1.92,-4.99,-2.26,-22.55,43.30,-27.54,41.04,0.00,0.00
6909.40,37.98,79.88,38.36,80.11,1939.30,-683.50,-9.80,-2.47,-5.18,-2.40,-21.84,43.16,-27.02,40.76,0.00,0.00
6912.52,37.81,79.30,38.21,79.50,1926.92,-675.97,-9.79,-3.18,-4.87,-2.74,-20.90,42.95,-25.77,40.21,0.00,0.00
6914.75,37.71,78.87,38.12,79.06,1918.16,-670.23,-9.71,-3.61,-4.67,-2.76,-20.22,42.78,-24.89,40.03,0.00,0.00
6917.21,37.61,78.39,38.03,78.55,1908.38,-663.22,-9.45,-4.29,-4.21,-3.54,-19.47,42.58,-23.68,39.05,0.00,0.00
6920.07,37.52,77.82,37.96,77.95,1897.48,-654.61,-9.41,-5.04,-4.64,-3.82,-18.59,42.33,-23.24,38.51,0.00,0.00
6922.24,37.47,77.37,37.92,77.49,1889.22,-647.84,-9.27,-5.46,-4.30,-3.71,-17.92,42.13,-22.22,38.42,0.00,0.00
6925.01,37.42,76.80,37.89,76.90,1879.13,-638.75,-9.44,-5.94,-5.04,-3.84,-17.06,41.85,-22.10,38.01,0.00,0.00
6927.58,37.39,76.25,37.87,76.34,1869.73,-629.82,-9.38,-6.44,-4.55,-4.19,-16.26,41.58,-20.81,37.38,0.00,0.00
6930.38,37.38,75.65,37.87,75.72,1859.45,-619.61,-9.10,-6.98,-4.07,-4.46,-15.38,41.25,-19.45,36.80,0.00,0.00
6932.74,37.38,75.14,37.88,75.19,1850.88,-610.73,-8.83,-7.32,-3.83,-4.38,-14.64,40.97,-18.47,36.59,0.00,0.00
6935.51,37.41,74.53,37.90,74.56,1840.99,-600.05,-8.53,-7.52,-3.72,-4.11,-13.76,40.61,-17.48,36.50,0.00,0.00
6938.30,37.46,73.90,37.93,73.91,1830.93,-588.96,-7.93,-7.59,-2.90,-3.92,-12.87,40.24,-15.77,36.31,0.00,0.00
6940.51,37.51,73.40,37.97,73.40,1823.15,-580.12,-7.50,-7.39,-2.77,-3.25,-12.16,39.92,-14.93,36.67,0.00,0.00
6943.28,37.59,72.76,38.03,72.75,1813.44,-568.45,-6.85,-7.32,-2.26,-3.52,-11.27,39.51,-13.52,35.99,0.00,0.00
6946.04,37.69,72.12,38.08,72.09,1803.61,-556.72,-5.87,-6.92,-1.17,-2.75,-10.37,39.08,-11.54,36.33,0.00,0.00
6948.21,37.78,71.62,38.15,71.58,1796.17,-547.27,-5.22,-6.58,-1.10,-2.50,-9.67,38.73,-10.77,36.23,0.00,0.00
6950.99,37.92,70.96,38.22,70.91,1786.56,-535.14,-4.18,-5.76,-0.22,-1.41,-8.75,38.26,-8.97,36.85,0.00,0.00
6953.47,38.05,70.37,38.30,70.32,1778.15,-524.05,-3.21,-5.00,0.34,-0.96,-7.94,37.82,-7.59,36.86,0.00,0.00
6956.34,38.23,69.69,38.41,69.62,1768.57,-510.89,-2.03,-4.10,1.05,-0.48,-6.99,37.30,-5.93,36.82,0.00,0.00
6958.75,38.39,69.10,38.52,69.03,1760.59,-499.42,-0.94,-3.44,1.79,-0.36,-6.19,36.84,-4.40,36.48,0.00,0.00
6961.28,38.57,68.49,38.64,68.40,1752.24,-487.24,0.35,-2.60,2.72,0.36,-5.34,36.34,-2.62,36.71,0.00,0.00
6963.42,38.73,67.97,38.75,67.88,1745.52,-476.85,1.22,-1.73,2.65,1.15,-4.62,35.91,-1.97,37.06,0.00,0.00
6966.16,38.96,67.30,38.90,67.21,1737.04,-463.43,2.44,-0.53,3.44,1.94,-3.70,35.34,-0.25,37.28,0.00,0.00
6968.88,39.20,66.63,39.06,66.54,1728.82,-449.82,3.64,0.74,4.02,2.69,-2.77,34.75,1.25,37.44,0.00,0.00
6970.98,39.39,66.12,39.20,66.02,1722.62,-439.04,4.58,1.59,4.53,2.83,-2.06,34.28,2.47,37.11,0.00,0.00
6973.45,39.63,65.51,39.39,65.43,1715.99,-426.18,5.21,2.62,3.88,3.40,-1.21,33.72,2.67,37.12,0.00,0.00
6975.59,39.85,64.98,39.58,64.93,1710.74,-415.00,5.39,3.67,3.12,4.30,-0.47,33.22,2.64,37.52,0.00,0.00
6978.31,40.14,64.31,39.82,64.28,1704.08,-400.45,5.82,4.88,3.69,4.66,0.47,32.56,4.16,37.22,0.00,0.00
6980.97,40.44,63.65,40.05,63.63,1697.27,-385.93,6.74,6.02,5.11,5.16,1.39,31.90,6.50,37.06,0.00,0.00
6983.07,40.69,63.13,40.25,63.10,1691.88,-374.15,7.66,6.72,6.01,5.02,2.12,31.37,8.13,36.39,0.00,0.00
6985.69,41.00,62.48,40.50,62.46,1685.51,-359.36,8.62,7.75,6.15,5.83,3.04,30.69,9.19,36.52,0.00,0.00
6987.80,41.27,61.96,40.72,61.94,1680.55,-347.32,9.41,8.53,6.58,6.12,3.79,30.12,10.37,36.24,0.00,0.00
6990.51,41.62,61.30,41.03,61.28,1674.81,-331.61,9.99,9.47,6.07,6.47,4.74,29.38,10.81,35.86,0.00,0.00
6993.21,41.98,60.64,41.35,60.62,1669.25,-315.57,10.66,10.20,6.57,6.44,5.70,28.63,12.27,35.07,0.00,0.00
6995.53,42.30,60.07,41.63,60.05,1664.57,-301.44,11.33,10.62,7.10,6.22,6.53,27.96,13.63,34.19,0.00,0.00
6998.00,42.66,59.47,41.95,59.45,1659.96,-286.37,11.87,11.17,7.03,6.70,7.42,27.24,14.45,33.94,0.00,0.00
7000.14,42.97,58.95,42.24,58.94,1656.24,-273.34,12.23,11.76,6.95,7.27,8.19,26.60,15.14,33.86,0.00,0.00
7002.88,43.38,58.29,42.62,58.30,1652.07,-256.55,12.34,12.51,6.38,7.62,9.18,25.76,15.57,33.38,0.00,0.00
7005.61,43.80,57.64,43.03,57.65,1648.11,-239.39,12.52,12.93,6.59,7.23,10.18,24.91,16.76,32.13,0.00,0.00
7007.75,44.14,57.13,43.35,57.14,1645.04,-225.70,12.82,13.10,7.11,6.96,10.96,24.22,18.07,31.19,0.00,0.00
7010.20,44.54,56.55,43.74,56.57,1642.05,-209.99,12.84,13.31,6.45,7.07,11.86,23.43,18.31,30.49,0.00,0.00
7013.00,45.00,55.90,44.20,55.94,1639.24,-192.11,12.52,13.73,5.68,7.61,12.89,22.50,18.57,30.11,0.00,0.00
7015.26,45.38,55.37,44.58,55.42,1637.04,-177.56,12.39,14.03,5.92,7.70,13.73,21.73,19.65,29.43,0.00,0.00
7017.61,45.79,54.84,44.99,54.90,1635.11,-162.20,12.12,14.10,5.49,7.18,14.60,20.92,20.09,28.10,0.00,0.00
7020.43,46.28,54.19,45.50,54.26,1633.15,-143.44,11.71,13.94,5.11,6.68,15.65,19.93,20.77,26.61,0.00,0.00
7022.80,46.71,53.66,45.95,53.74,1631.85,-127.49,11.25,13.62,4.65,6.15,16.54,19.08,21.20,25.23,0.00,0.00
7025.30,47.16,53.11,46.42,53.19,1630.76,-110.79,10.73,13.48,4.32,6.45,17.49,18.17,21.81,24.62,0.00,0.00
7027.45,47.56,52.64,46.84,52.73,1630.07,-96.44,10.21,13.31,3.92,6.26,18.30,17.37,22.22,23.63,0.00,0.00
7030.21,48.08,52.04,47.39,52.15,1629.57,-77.96,9.46,13.05,3.35,6.06,19.35,16.33,22.70,22.39,0.00,0.00
7032.86,48.58,51.48,47.93,51.61,1629.48,-60.16,8.62,12.74,2.72,5.79,20.36,15.31,23.08,21.10,0.00,0.00
7034.97,48.99,51.04,48.37,51.17,1629.57,-45.83,7.99,12.35,2.52,5.23,21.17,14.48,23.69,19.72,0.00,0.00
7037.40,49.47,50.54,48.88,50.68,1629.88,-29.42,7.29,11.93,2.21,5.11,22.11,13.52,24.32,18.63,0.00,0.00
7040.14,50.00,50.00,49.46,50.14,1630.47,-11.25,6.55,11.25,1.92,4.38,-22.85,39.12,-20.93,43.50,0.00,0.00
7042.44,50.46,49.54,49.96,49.69,1631.39,4.37,5.52,10.70,0.51,4.14,-22.70,38.34,-22.19,42.48,0.00,0.00
7044.88,50.94,49.04,50.48,49.20,1631.79,20.98,4.77,10.12,0.85,3.89,-22.54,37.50,-21.69,41.38,0.00,0.00
7046.98,51.34,48.60,50.92,48.73,1631.30,35.73,4.75,9.22,2.33,2.47,-22.39,36.76,-20.06,39.23,0.00,0.00
7049.37,51.80,48.09,51.37,48.18,1629.70,52.14,5.57,8.54,4.50,2.83,-22.22,35.91,-17.72,38.74,0.00,0.00
7052.19,52.33,47.49,51.94,47.59,1629.35,71.19,4.70,8.11,0.80,3.31,-22.02,34.89,-21.22,38.20,0.00,0.00
7054.29,52.72,47.03,52.37,47.18,1629.57,85.01,3.36,8.20,-1.50,4.30,-21.86,34.11,-23.37,38.40,0.00,0.00
7057.01,53.22,46.43,52.90,46.62,1629.22,102.81,2.01,8.37,-1.48,4.49,-21.66,33.08,-23.14,37.58,0.00,0.00
7059.14,53.60,45.95,53.31,46.17,1628.54,116.85,1.15,8.38,-1.43,4.21,-21.49,32.27,-22.92,36.48,0.00,0.00
7061.89,54.09,45.33,53.82,45.58,1627.22,135.02,0.23,8.35,-1.56,4.13,-21.28,31.20,-22.84,35.33,0.00,0.00
7064.44,54.53,44.74,54.27,45.01,1625.22,151.68,-0.11,8.51,-0.72,4.56,-21.07,30.19,-21.79,34.74,0.00,0.00
7066.59,54.89,44.25,54.65,44.53,1623.66,165.72,-0.70,8.54,-1.73,4.34,-20.90,29.32,-22.63,33.66,0.00,0.00
7069.33,55.35,43.61,55.13,43.92,1621.44,183.52,-1.48,8.66,-2.16,4.56,-20.67,28.20,-22.83,32.76,0.00,0.00
7072.00,55.78,42.98,55.58,43.31,1618.82,200.83,-2.06,8.79,-2.12,4.62,-20.44,27.09,-22.55,31.71,0.00,0.00
7074.14,56.12,42.47,55.94,42.82,1616.80,214.76,-2.77,8.68,-3.05,4.09,-20.25,26.19,-23.30,30.28,0.00,0.00
7076.90,56.55,41.81,56.39,42.18,1613.66,232.54,-3.42,8.76,-2.88,4.53,-20.01,25.00,-22.89,29.53,0.00,0.00
7079.70,56.97,41.14,56.82,41.52,1609.79,250.49,-3.66,8.76,-2.26,4.37,-19.75,23.78,-22.02,28.15,0.00,0.00
7081.84,57.29,40.62,57.14,41.01,1606.76,263.91,-3.95,8.93,-2.65,4.88,-19.56,22.83,-22.20,27.71,0.00,0.00
7084.64,57.69,39.94,57.54,40.35,1602.50,281.36,-4.28,9.19,-2.73,5.05,-19.29,21.58,-22.02,26.63,0.00,0.00
7087.44,58.08,39.26,57.93,39.68,1597.91,298.78,-4.55,9.32,-2.76,4.90,-19.02,20.30,-21.78,25.20,0.00,0.00
7089.62,58.37,38.72,58.23,39.16,1594.19,312.21,-4.79,9.38,-2.94,4.82,-18.81,19.29,-21.75,24.11,0.00,0.00
7092.08,58.69,38.12,58.55,38.55,1589.53,327.44,-4.80,9.31,-2.43,4.52,-18.57,18.14,-21.00,22.66,0.00,0.00
7094.89,59.04,37.43,58.90,37.86,1583.89,344.38,-4.72,9.46,-2.21,4.99,-18.29,16.80,-20.50,21.79,0.00,0.00
7097.12,59.31,36.88,59.16,37.31,1579.25,357.56,-4.68,9.69,-2.26,5.36,-18.06,15.72,-20.32,21.09,0.00,0.00
7099.51,59.59,36.28,59.43,36.73,1574.18,371.73,-4.72,9.75,-2.44,5.01,-17.81,14.55,-20.25,19.56,0.00,0.00
7102.46,59.92,35.56,59.76,36.00,1567.67,388.94,-4.77,9.86,-2.47,5.11,-17.50,13.09,-19.97,18.20,0.00,0.00
7104.72,60.16,35.00,60.00,35.44,1562.46,402.08,-4.76,9.76,-2.34,4.67,-17.26,11.96,-19.60,16.63,0.00,0.00
7107.06,60.39,34.42,60.23,34.86,1556.64,415.46,-4.49,9.74,-1.67,4.82,-17.00,10.77,-18.67,15.58,0.00,0.00
7110.07,60.69,33.68,60.51,34.11,1548.97,432.27,-4.22,9.85,-1.66,5.11,-16.67,9.21,-18.33,14.32,0.00,0.00
7112.36,60.89,33.12,60.72,33.55,1543.13,444.77,-4.16,9.95,-1.95,5.18,-16.41,8.02,-18.36,13.20,0.00,0.00
7114.72,61.10,32.54,60.92,32.96,1536.82,457.58,-4.00,9.97,-1.68,5.02,-16.14,6.77,-17.82,11.79,0.00,0.00
7117.53,61.32,31.85,61.14,32.27,1529.11,472.63,-3.80,9.85,-1.55,4.72,-15.82,5.26,-17.36,9.98,0.00,0.00
7119.94,61.50,31.27,61.31,31.68,1522.23,485.05,-3.54,9.97,-1.23,5.23,-15.53,3.96,-16.76,9.18,0.00,0.00
7122.53,61.69,30.64,61.48,31.04,1514.56,498.16,-3.18,10.05,-0.88,5.18,-15.22,2.53,-16.10,7.72,0.00,0.00
7124.67,61.82,30.12,61.60,30.52,1508.10,508.86,-2.91,10.06,-0.83,5.05,-14.97,1.34,-15.79,6.39,0.00,0.00
7127.41,61.98,29.47,61.75,29.85,1499.56,522.22,-2.45,10.06,-0.38,5.03,-14.63,-0.20,-15.01,4.83,0.00,0.00
7130.22,62.13,28.80,61.89,29.17,1490.53,535.65,-1.92,9.96,-0.03,4.81,-14.28,-1.80,-14.31,3.01,0.00,0.00
7132.36,62.23,28.30,61.98,28.65,1483.63,545.54,-1.64,9.95,-0.15,4.94,-14.01,-3.03,-14.17,1.91,0.00,0.00
7134.79,62.33,27.73,62.07,28.07,1475.63,556.55,-1.29,9.85,0.08,4.73,-13.70,-4.44,-13.63,0.29,0.00,0.00
7137.73,62.43,27.05,62.16,27.37,1465.56,569.44,-0.68,9.73,0.70,4.67,-13.32,-6.17,-12.62,-1.51,0.00,0.00
7140.00,62.50,26.53,62.21,26.84,1457.72,579.09,-0.28,9.63,0.74,4.58,-13.03,-7.52,-12.29,-2.94,0.00,0.00
7142.34,62.55,26.00,62.26,26.29,1449.63,588.85,-0.03,9.43,0.52,4.29,-12.72,-8.93,-12.20,-4.64,0.00,0.00
7145.09,62.59,25.39,62.30,25.66,1439.86,599.81,0.41,9.24,1.01,4.27,-12.35,-10.60,-11.34,-6.34,0.00,0.00
7147.48,62.62,24.86,62.32,25.11,1431.27,609.17,0.70,8.91,0.96,3.78,-12.02,-12.08,-11.06,-8.30,0.00,0.00
7149.99,62.62,24.31,62.33,24.55,1422.17,618.49,0.97,8.67,1.00,3.86,-11.68,-13.64,-10.67,-9.78,0.00,0.00
7152.15,62.62,23.85,62.32,24.07,1414.30,626.24,1.12,8.40,0.93,3.56,-11.38,-14.99,-10.45,-11.43,0.00,0.00
7154.92,62.59,23.26,62.30,23.47,1404.09,635.78,1.29,8.02,0.94,3.34,-10.99,-16.75,-10.05,-13.41,0.00,0.00
7157.55,62.54,22.71,62.27,22.91,1394.29,644.33,1.40,7.68,0.91,3.20,-10.62,-18.43,-9.70,-15.23,0.00,0.00
7159.70,62.49,22.27,62.23,22.45,1386.24,651.27,1.42,7.10,0.75,2.18,-10.31,-19.82,-9.56,-17.64,0.00,0.00
7162.44,62.41,21.72,62.17,21.88,1375.92,659.62,1.34,6.40,0.53,1.93,-9.91,-21.62,-9.37,-19.69,0.00,0.00
7165.20,62.30,21.18,62.10,21.31,1365.55,667.68,1.08,5.49,0.07,1.10,-9.50,-23.45,-9.43,-22.34,0.00,0.00
7167.39,62.20,20.76,62.04,20.88,1357.37,673.84,0.74,4.60,-0.43,0.27,-9.18,-24.91,-9.60,-24.63,0.00,0.00
7169.76,62.08,20.31,61.95,20.42,1348.36,679.92,0.38,3.83,-0.55,0.28,-8.82,-26.50,-9.37,-26.23,0.00,0.00
7172.53,61.91,19.80,61.83,19.89,1337.90,686.56,-0.23,2.84,-1.22,-0.36,-8.40,-28.39,-9.61,-28.75,0.00,0.00
7174.89,61.75,19.38,61.72,19.45,1328.87,691.96,-0.72,1.76,-1.41,-1.41,-8.03,-30.01,-9.44,-31.42,0.00,0.00
7177.22,61.58,18.97,61.60,19.03,1319.86,696.91,-1.25,0.67,-1.77,-2.01,-7.67,-31.63,-9.44,-33.64,0.00,0.00
7180.29,61.33,18.45,61.42,18.49,1308.06,702.82,-2.13,-0.87,-2.50,-2.94,-7.19,-33.78,-9.69,-36.72,0.00,0.00
7182.60,61.12,18.07,61.25,18.10,1298.95,706.46,-2.67,-1.74,-2.50,-2.76,-6.82,-35.41,-9.32,-38.17,0.00,0.00
7184.93,60.89,17.70,61.08,17.71,1289.83,710.07,-3.38,-3.01,-3.21,-4.23,-6.45,-37.07,-9.66,-41.30,0.00,0.00
7187.79,60.58,17.26,60.85,17.24,1278.49,713.91,-4.24,-4.63,-3.62,-5.15,-5.98,-39.13,-9.61,-44.29,0.00,0.00
7190.03,60.33,16.92,60.66,16.89,1269.48,716.51,-4.91,-5.99,-3.96,-6.01,-5.62,-40.77,-9.57,-46.77,0.00,0.00
7192.46,60.03,16.58,60.43,16.52,1259.72,718.77,-5.69,-7.43,-4.45,-6.68,-5.21,-42.55,-9.66,-49.23,0.00,0.00
7195.28,59.66,16.19,60.14,16.13,1248.41,720.46,-6.77,-8.84,-5.30,-6.92,-4.74,-44.64,-10.04,-51.56,0.00,0.00
7197.45,59.36,15.90,59.89,15.84,1239.71,721.21,-7.68,-9.88,-5.92,-7.34,-4.37,-46.26,-10.29,-53.60,0.00,0.00
7200.30,58.94,15.55,59.54,15.46,1227.86,721.60,-8.51,-11.35,-5.73,-8.24,-3.89,-48.41,-9.62,-56.65,0.00,0.00
7202.99,58.51,15.23,59.19,15.12,1216.50,721.34,-9.29,-12.82,-6.08,-9.14,-3.42,-50.46,-9.50,-59.60,0.00,0.00
7205.93,58.02,14.91,58.77,14.77,1203.83,720.35,-9.95,-14.54,-6.11,-10.21,-2.91,-52.72,-9.02,-62.92,0.00,0.00
7208.37,57.59,14.66,58.40,14.50,1193.43,718.75,-10.69,-15.85,-6.87,-10.60,-2.48,-54.60,-9.35,-65.20,0.00,0.00
7210.73,57.16,14.43,58.03,14.26,1183.39,716.62,-11.53,-17.12,-7.53,-11.25,-2.06,-56.45,-9.59,-67.69,0.00,0.00
7213.67,56.59,14.17,57.53,13.99,1170.89,712.71,-12.65,-18.25,-8.24,-11.05,-1.54,-58.77,-9.77,-69.81,0.00,0.00
7215.86,56.14,13.99,57.14,13.82,1161.49,709.17,-13.49,-19.07,-8.67,-11.42,-1.14,-60.51,-9.80,-71.93,0.00,0.00
7218.73,55.53,13.77,56.59,13.60,1148.96,703.70,-14.45,-20.09,-8.90,-11.82,-0.61,-62.82,-9.52,-74.64,0.00,0.00
7221.30,54.96,13.60,56.08,13.42,1137.75,698.23,-15.37,-21.18,-9.46,-12.70,-0.14,-64.89,-9.60,-77.59,0.00,0.00
7224.10,54.31,13.44,55.48,13.24,1124.88,691.41,-15.82,-22.37,-8.73,-13.32,0.38,-67.18,-8.35,-80.49,0.00,0.00
7226.38,53.76,13.33,54.94,13.11,1114.00,684.89,-15.84,-23.00,-7.96,-12.89,0.81,-69.05,-7.15,-81.94,0.00,0.00
7229.18,53.05,13.21,54.25,12.98,1100.49,675.55,-15.80,-23.29,-7.82,-12.15,1.34,-71.38,-6.47,-83.52,0.00,0.00
7231.99,52.31,13.12,53.53,12.87,1086.98,665.62,-15.88,-23.93,-8.08,-13.11,1.88,-73.73,-6.20,-86.84,0.00,0.00
7235.14,51.45,13.04,52.68,12.79,1071.75,653.07,-15.92,-24.31,-8.03,-12.76,2.49,-76.39,-5.54,-89.15,0.00,0.00
7237.56,50.76,13.01,52.00,12.74,1059.71,642.70,-15.74,-24.74,-7.49,-13.26,2.96,-78.46,-4.53,-91.72,0.00,0.00
7239.91,50.07,13.00,51.31,12.72,1048.04,631.71,-15.58,-24.88,-7.46,-12.75,3.43,-80.48,-4.03,-93.22,0.00,0.00
7242.81,50.00,13.00,50.43,12.72,1033.78,617.32,-2.46,-11.62,21.46,17.11,41.73,-41.66,63.19,-24.55,0.00,0.00
7244.97,49.36,13.01,49.74,12.73,1022.75,605.81,-1.78,-10.73,0.68,-3.31,41.96,-41.10,42.64,-44.41,0.00,0.00
7247.74,48.57,13.04,48.90,12.79,1009.83,591.06,-1.26,-9.52,0.30,-2.57,42.23,-40.39,42.53,-42.96,0.00,0.00
7250.51,47.81,13.10,48.09,12.86,997.83,576.67,-0.71,-8.56,0.63,-2.55,42.47,-39.67,43.10,-42.22,0.00,0.00
7252.61,47.25,13.17,47.48,12.94,989.24,565.42,-0.22,-7.48,1.07,-1.15,42.65,-39.12,43.72,-40.27,0.00,0.00
7255.47,46.52,13.28,46.70,13.06,978.21,550.70,0.61,-6.54,1.76,-1.63,42.87,-38.36,44.63,-39.99,0.00,0.00
7258.24,45.84,13.41,45.98,13.22,969.03,536.33,0.82,-5.43,0.79,-0.72,43.06,-37.63,43.86,-38.35,0.00,0.00
7260.40,45.33,13.53,45.44,13.35,962.37,525.37,1.09,-4.76,1.16,-0.82,43.20,-37.05,44.36,-37.87,0.00,0.00
7262.81,44.78,13.68,44.88,13.52,956.02,513.52,0.90,-4.38,0.06,-1.40,43.34,-36.40,43.40,-37.80,0.00,0.00
7265.75,44.14,13.88,44.24,13.74,949.08,499.35,0.76,-4.07,0.13,-1.51,43.49,-35.61,43.62,-37.11,0.00,0.00
7268.00,43.67,14.06,43.77,13.91,944.31,488.76,0.74,-4.00,0.34,-1.85,43.59,-35.00,43.93,-36.85,0.00,0.00
7270.29,43.21,14.25,43.31,14.11,940.09,478.02,0.64,-3.92,0.11,-1.78,43.68,-34.37,43.78,-36.15,0.00,0.00
7273.41,42.62,14.54,42.73,14.42,935.54,463.40,0.19,-3.75,-0.63,-1.60,43.77,-33.51,43.15,-35.11,0.00,0.00
7275.76,42.20,14.78,42.32,14.67,933.01,452.66,-0.37,-3.76,-1.39,-1.92,43.83,-32.86,42.44,-34.78,0.00,0.00
7278.18,41.78,15.03,41.93,14.96,931.32,441.63,-1.29,-3.80,-2.53,-1.96,43.88,-32.18,41.34,-34.14,0.00,0.00
7281.06,41.31,15.36,41.51,15.30,930.05,429.17,-2.35,-4.36,-3.01,-3.16,43.91,-31.37,40.90,-34.53,0.00,0.00
7283.44,40.94,15.65,41.18,15.59,929.28,419.00,-2.89,-4.85,-2.59,-3.46,43.92,-30.70,41.34,-34.16,0.00,0.00
7285.84,40.59,15.95,40.87,15.91,929.41,408.58,-3.79,-5.12,-3.77,-3.12,43.92,-30.02,40.14,-33.14,0.00,0.00
7288.68,40.20,16.33,40.53,16.33,930.68,396.17,-5.27,-5.26,-5.23,-2.87,43.89,-29.21,38.66,-32.08,0.00,0.00
7291.06,39.90,16.65,40.27,16.67,932.13,386.28,-6.31,-5.75,-5.36,-3.90,43.86,-28.52,38.50,-32.43,0.00,0.00
7293.42,39.62,17.00,40.03,17.03,934.07,376.61,-7.33,-6.31,-5.82,-4.36,43.81,-27.84,37.99,-32.20,0.00,0.00
7296.25,39.30,17.42,39.76,17.47,936.97,364.94,-8.47,-6.83,-6.24,-4.32,43.73,-27.01,37.49,-31.33,0.00,0.00
7298.60,39.05,17.79,39.56,17.86,939.96,355.36,-9.46,-7.22,-6.85,-4.46,43.65,-26.33,36.81,-30.78,0.00,0.00
7300.91,38.83,18.16,39.38,18.24,943.25,345.94,-10.33,-7.52,-7.05,-4.40,43.56,-25.65,36.52,-30.04,0.00,0.00
7303.78,38.58,18.64,39.16,18.74,947.89,334.20,-11.31,-7.77,-7.36,-4.31,43.43,-24.80,36.07,-29.11,0.00,0.00
7306.10,38.39,19.03,39.01,19.16,952.35,325.00,-12.32,-8.11,-8.34,-4.79,43.30,-24.10,34.96,-28.90,0.00,0.00
7308.42,38.22,19.44,38.88,19.58,956.92,315.90,-12.99,-8.50,-7.93,-5.08,43.17,-23.41,35.23,-28.49,0.00,0.00
7311.33,38.03,19.97,38.72,20.11,963.16,304.69,-13.74,-9.01,-8.16,-5.40,42.98,-22.53,34.81,-27.93,0.00,0.00
7313.56,37.90,20.38,38.61,20.53,968.26,295.99,-14.19,-9.17,-8.11,-4.94,42.81,-21.86,34.71,-26.80,0.00,0.00
7316.33,37.76,20.91,38.50,21.08,975.29,285.21,-14.91,-9.28,-8.74,-4.83,42.60,-21.01,33.85,-25.85,0.00,0.00
7319.16,37.64,21.46,38.40,21.65,982.91,274.17,-15.49,-9.22,-8.78,-4.50,42.35,-20.14,33.58,-24.64,0.00,0.00
7321.32,37.56,21.88,38.34,22.08,988.98,266.20,-15.78,-9.51,-8.56,-5.44,42.15,-19.48,33.60,-24.91,0.00,0.00
7324.09,37.49,22.45,38.27,22.63,996.87,256.09,-15.77,-9.87,-7.87,-5.58,41.88,-18.62,34.01,-24.20,0.00,0.00
7326.79,37.43,23.00,38.22,23.18,1005.22,246.18,-15.92,-9.99,-8.24,-5.21,41.59,-17.77,33.36,-22.99,0.00,0.00
7328.95,37.40,23.45,38.19,23.64,1012.22,238.25,-16.02,-9.96,-8.24,-4.91,41.35,-17.10,33.12,-22.00,0.00,0.00
7331.74,37.38,24.05,38.17,24.24,1021.63,228.01,-16.02,-9.79,-8.01,-4.60,41.02,-16.22,33.01,-20.81,0.00,0.00
7334.22,37.38,24.59,38.16,24.78,1030.29,219.02,-15.90,-9.60,-7.71,-4.42,40.71,-15.43,33.00,-19.85,0.00,0.00
7337.09,37.40,25.22,38.15,25.40,1040.37,208.78,-15.34,-9.38,-6.69,-4.30,40.33,-14.51,33.65,-18.81,0.00,0.00
7339.39,37.43,25.73,38.16,25.90,1048.77,200.65,-14.84,-9.13,-6.34,-4.02,40.02,-13.77,33.68,-17.79,0.00,0.00
7341.81,37.48,26.27,38.18,26.45,1058.06,192.02,-14.45,-8.64,-6.41,-3.31,39.67,-12.99,33.26,-16.31,0.00,0.00
7344.63,37.55,26.92,38.22,27.09,1069.05,182.15,-13.71,-8.09,-5.56,-3.07,39.24,-12.08,33.68,-15.15,0.00,0.00
7346.80,37.62,27.42,38.25,27.58,1077.75,174.66,-13.10,-7.63,-5.13,-2.74,38.90,-11.37,33.76,-14.12,0.00,0.00
7349.64,37.73,28.08,38.31,28.23,1089.17,164.99,-11.92,-7.00,-3.89,-2.39,38.43,-10.44,34.55,-12.83,0.00,0.00
7352.31,37.85,28.70,38.36,28.84,1100.12,155.85,-10.63,-6.16,-2.91,-1.51,37.98,-9.56,35.07,-11.07,0.00,0.00
7355.21,38.00,29.39,38.44,29.52,1112.57,145.99,-9.40,-5.10,-2.56,-0.72,37.46,-8.60,34.89,-9.32,0.00,0.00
7357.62,38.14,29.97,38.52,30.10,1123.25,137.92,-8.42,-4.16,-2.17,-0.12,37.01,-7.80,34.84,-7.92,0.00,0.00
7360.15,38.30,30.57,38.61,30.69,1134.57,129.62,-7.14,-3.20,-1.05,0.29,36.53,-6.95,35.48,-6.66,0.00,0.00
7362.31,38.44,31.09,38.70,31.20,1144.28,122.67,-5.91,-2.36,-0.11,0.77,36.10,-6.22,35.99,-5.46,0.00,0.00
7365.07,38.65,31.77,38.82,31.85,1156.91,113.99,-4.21,-1.32,0.97,1.21,35.54,-5.29,36.51,-4.08,0.00,0.00
7367.70,38.86,32.41,38.95,32.48,1169.20,105.93,-2.54,-0.34,1.90,1.71,34.99,-4.39,36.88,-2.68,0.00,0.00
7369.83,39.04,32.93,39.06,32.99,1179.44,99.47,-1.28,0.54,2.32,2.33,34.53,-3.67,36.85,-1.34,0.00,0.00
7372.28,39.26,33.53,39.21,33.57,1191.41,92.26,0.17,1.51,3.04,2.72,33.98,-2.83,37.02,-0.11,0.00,0.00
7375.00,39.52,34.20,39.38,34.22,1204.88,84.42,1.89,2.61,4.11,3.35,33.36,-1.89,37.46,1.46,0.00,0.00
7377.09,39.73,34.72,39.53,34.72,1215.45,78.73,3.15,3.29,4.62,3.26,32.87,-1.16,37.48,2.09,0.00,0.00
7379.94,40.02,35.42,39.75,35.40,1230.26,71.28,4.78,4.09,5.25,3.44,32.18,-0.17,37.42,3.27,0.00,0.00
7382.02,40.25,35.93,39.93,35.90,1241.29,65.94,5.86,4.75,5.53,3.99,31.66,0.56,37.19,4.54,0.00,0.00
7384.58,40.54,36.57,40.15,36.51,1254.96,59.48,7.38,5.62,6.63,4.48,31.01,1.46,37.65,5.94,0.00,0.00
7386.63,40.79,37.07,40.35,37.00,1266.25,54.73,8.29,6.06,6.39,4.12,30.48,2.18,36.87,6.30,0.00,0.00
7389.00,41.08,37.66,40.59,37.56,1279.37,49.48,9.49,6.49,7.27,4.14,29.85,3.02,37.12,7.17,0.00,0.00
7391.11,41.34,38.18,40.81,38.07,1291.23,44.87,10.50,6.96,7.63,4.60,29.28,3.77,36.91,8.37,0.00,0.00
7393.82,41.70,38.84,41.11,38.71,1306.79,39.33,11.65,7.39,7.96,4.48,28.53,4.74,36.49,9.23,0.00,0.00
7396.52,42.06,39.50,41.44,39.36,1322.63,34.08,12.61,7.80,8.07,4.66,27.76,5.72,35.83,10.38,0.00,0.00
7398.60,42.35,40.01,41.70,39.84,1334.92,30.43,13.40,7.88,8.61,4.13,27.16,6.47,35.77,10.59,0.00,0.00
7401.53,42.77,40.72,42.09,40.53,1352.58,25.49,14.26,8.06,8.58,4.34,26.29,7.53,34.87,11.87,0.00,0.00
7403.61,43.08,41.23,42.38,41.02,1365.22,22.17,14.90,8.17,8.99,4.34,25.66,8.29,34.65,12.64,0.00,0.00
7406.16,43.47,41.84,42.74,41.62,1381.04,18.41,15.44,8.20,8.78,4.17,24.87,9.23,33.64,13.39,0.00,0.00
7408.28,43.79,42.35,43.06,42.11,1394.20,15.47,15.91,8.24,9.06,4.20,24.20,10.00,33.27,14.20,0.00,0.00
7411.00,44.23,42.99,43.48,42.74,1411.45,12.15,16.34,8.04,8.95,3.65,23.33,11.01,32.28,14.66,0.00,0.00
7413.75,44.67,43.64,43.93,43.37,1429.09,9.16,16.60,7.75,8.78,3.36,22.43,12.03,31.21,15.39,0.00,0.00
7416.03,45.05,44.17,44.32,43.89,1444.01,6.99,16.57,7.43,8.23,3.00,21.66,12.88,29.89,15.88,0.00,0.00
7418.43,45.46,44.73,44.73,44.44,1459.76,4.88,16.59,7.11,8.32,2.88,20.84,13.78,29.17,16.67,0.00,0.00
7420.53,45.82,45.21,45.11,44.91,1473.67,3.34,16.46,6.70,7.92,2.39,20.12,14.57,28.04,16.96,0.00,0.00
7422.83,46.22,45.73,45.53,45.42,1488.90,1.82,16.37,6.28,8.01,2.22,19.31,15.44,27.32,17.66,0.00,0.00
7424.99,46.61,46.22,45.94,45.90,1503.38,0.75,16.20,5.71,7.71,1.55,18.54,16.26,26.24,17.81,0.00,0.00
7427.72,47.11,46.82,46.46,46.50,1521.77,-0.57,15.82,5.22,7.20,1.71,17.54,17.30,24.74,19.01,0.00,0.00
7430.38,47.60,47.40,46.98,47.08,1539.74,-1.54,15.41,4.71,6.95,1.38,16.56,18.32,23.51,19.70,0.00,0.00
7432.47,47.99,47.85,47.39,47.53,1553.85,-2.15,15.14,4.35,6.90,1.33,15.77,19.12,22.67,20.45,0.00,0.00
7435.05,48.48,48.40,47.91,48.07,1571.23,-2.53,14.78,3.77,6.69,0.76,14.78,20.12,21.48,20.88,0.00,0.00
7437.18,48.89,48.85,48.35,48.51,1585.67,-2.66,14.37,3.32,6.22,0.59,13.95,20.94,20.17,21.53,0.00,0.00
7439.92,49.43,49.42,48.92,49.08,1604.21,-2.66,13.85,2.83,5.97,0.54,12.87,22.01,18.84,22.54,0.00,0.00
7442.68,49.97,49.97,49.50,49.64,1622.91,-2.39,13.29,2.40,5.63,0.41,11.76,23.09,17.39,23.50,0.00,0.00
7444.90,50.00,50.00,49.95,50.09,1637.70,-2.15,-0.68,2.15,-31.84,0.53,20.86,19.24,-10.98,19.77,0.00,0.00
7447.38,50.50,50.49,50.48,50.58,1654.49,-1.60,-1.15,1.73,-1.54,0.02,20.19,19.78,18.65,19.80,0.00,0.00
7449.52,50.94,50.91,50.93,50.99,1668.39,-0.90,-1.02,1.34,-0.18,-0.24,19.61,20.24,19.42,20.01,0.00,0.00
7452.28,51.52,51.45,51.47,51.47,1685.20,-0.02,0.34,1.15,2.64,0.22,18.84,20.84,21.47,21.05,0.00,0.00
7454.84,52.06,51.94,51.99,51.94,1701.35,0.88,1.10,1.16,2.03,0.59,18.10,21.38,20.14,21.97,0.00,0.00
7456.91,52.51,52.33,52.44,52.33,1715.04,1.80,1.11,1.16,0.58,0.59,17.50,21.82,18.07,22.41,0.00,0.00
7459.43,53.06,52.79,52.97,52.79,1731.41,2.97,1.36,1.35,1.18,1.06,16.75,22.34,17.93,23.40,0.00,0.00
7461.52,53.52,53.18,53.43,53.17,1744.99,4.17,1.63,1.46,1.45,0.99,16.11,22.78,17.56,23.77,0.00,0.00
7463.76,54.02,53.58,53.91,53.56,1759.43,5.71,1.95,1.52,1.70,0.89,15.42,23.24,17.11,24.13,0.00,0.00
7465.90,54.50,53.96,54.38,53.94,1773.27,7.27,2.28,1.67,1.90,1.19,14.74,23.68,16.64,24.88,0.00,0.00
7468.62,55.12,54.43,54.98,54.40,1790.58,9.49,2.84,1.87,2.46,1.30,13.87,24.23,16.33,25.54,0.00,0.00
7471.24,55.73,54.88,55.56,54.85,1807.42,11.71,3.24,2.25,2.39,1.86,13.01,24.76,15.40,26.62,0.00,0.00
7473.33,56.22,55.23,56.03,55.19,1820.80,13.75,3.52,2.46,2.43,1.73,12.31,25.18,14.74,26.91,0.00,0.00
7476.01,56.84,55.66,56.64,55.63,1837.76,16.55,4.03,2.80,2.95,2.02,11.40,25.71,14.35,27.73,0.00,0.00
7478.10,57.34,56.00,57.11,55.96,1850.97,18.85,4.39,3.11,3.06,2.30,10.67,26.12,13.73,28.42,0.00,0.00
7480.40,57.89,56.36,57.63,56.32,1865.38,21.38,4.85,3.65,3.42,2.99,9.86,26.57,13.29,29.56,0.00,0.00
7482.40,58.37,56.67,58.09,56.63,1877.97,23.77,5.15,4.08,3.33,3.11,9.15,26.96,12.48,30.06,0.00,0.00
7485.12,59.02,57.07,58.71,57.03,1894.73,27.40,5.77,4.51,4.02,3.04,8.16,27.48,12.18,30.52,0.00,0.00
7487.80,59.67,57.46,59.33,57.42,1911.28,31.27,6.21,4.88,3.94,3.15,7.17,27.99,11.11,31.13,0.00,0.00
7489.86,60.17,57.75,59.81,57.72,1923.87,34.21,6.62,5.38,4.31,3.89,6.39,28.37,10.70,32.27,0.00,0.00
7492.53,60.83,58.12,60.43,58.09,1940.15,38.32,7.07,5.95,4.37,4.04,5.37,28.87,9.74,32.91,0.00,0.00
7494.61,61.34,58.40,60.91,58.37,1952.74,41.53,7.37,6.54,4.41,4.70,4.56,29.26,8.97,33.96,0.00,0.00
7496.96,61.91,58.70,61.46,58.68,1966.80,45.44,7.76,7.10,4.69,4.74,3.63,29.69,8.33,34.43,0.00,0.00
7499.07,62.43,58.97,61.96,58.95,1979.26,49.26,8.14,7.44,4.99,4.53,2.79,30.08,7.78,34.61,0.00,0.00
7501.77,63.10,59.30,62.60,59.27,1995.11,54.60,8.58,7.65,5.09,4.20,1.69,30.56,6.78,34.77,0.00,0.00
7503.77,63.59,59.53,63.08,59.51,2006.84,58.56,8.72,7.93,4.72,4.68,0.87,30.92,5.59,35.60,0.00,0.00
7506.46,64.26,59.83,63.72,59.82,2022.48,63.87,8.94,8.55,4.87,5.41,-0.26,31.40,4.62,36.81,0.00,0.00
7509.19,64.93,60.13,64.37,60.13,2038.19,69.39,9.07,9.27,4.77,5.97,-1.42,31.88,3.35,37.84,0.00,0.00
7511.21,65.43,60.34,64.85,60.34,2049.47,73.83,9.38,9.61,5.46,5.64,-2.29,32.23,3.17,37.87,0.00,0.00
7514.08,66.14,60.62,65.54,60.62,2065.26,80.62,9.76,9.81,5.55,5.25,-3.55,32.72,2.00,37.97,0.00,0.00
7516.16,66.65,60.81,66.04,60.81,2076.67,85.56,9.89,10.08,5.26,5.69,-4.47,33.08,0.79,38.77,0.00,0.00
7518.59,67.25,61.02,66.62,61.04,2089.83,91.30,9.95,10.58,5.09,6.32,-5.56,33.49,-0.47,39.80,0.00,0.00
7520.72,67.77,61.20,67.13,61.23,2101.32,96.64,9.92,10.88,4.90,6.14,-6.53,33.84,-1.63,39.99,0.00,0.00
7523.46,68.44,61.41,67.80,61.44,2115.74,104.02,9.94,10.92,5.00,5.54,-7.80,34.30,-2.80,39.84,0.00,0.00
7526.24,69.11,61.61,68.47,61.65,2130.11,111.51,9.86,11.17,4.78,6.03,-9.10,34.75,-4.32,40.78,0.00,0.00
7528.44,69.64,61.76,69.00,61.80,2141.22,117.73,9.86,11.25,4.92,5.83,-10.15,35.11,-5.23,40.94,0.00,0.00
7530.76,70.19,61.90,69.55,61.95,2152.72,124.48,9.77,11.26,4.68,5.63,-11.26,35.48,-6.58,41.11,0.00,0.00
7533.57,70.86,62.06,70.23,62.13,2166.65,132.63,9.36,11.51,3.95,6.20,-12.63,35.93,-8.68,42.13,0.00,0.00
7535.97,71.43,62.18,70.80,62.26,2178.16,139.79,9.09,11.69,3.99,6.23,-13.82,36.31,-9.83,42.54,0.00,0.00
7538.52,72.03,62.29,71.41,62.38,2190.09,147.85,8.76,11.58,3.73,5.57,-15.10,36.70,-11.37,42.28,0.00,0.00
7540.66,72.53,62.37,71.92,62.46,2199.82,154.82,8.49,11.42,3.61,5.32,-16.18,37.03,-12.57,42.36,0.00,0.00
7543.40,73.16,62.46,72.56,62.55,2211.87,163.85,8.25,11.30,3.68,5.43,-17.59,37.45,-13.91,42.88,0.00,0.00
7546.21,73.80,62.53,73.22,62.64,2224.04,173.21,7.67,11.22,2.81,5.48,-19.04,37.87,-16.23,43.35,0.00,0.00
7548.37,74.28,62.57,73.72,62.71,2233.38,180.35,6.97,11.37,1.86,6.04,-20.18,38.19,-18.32,44.23,0.00,0.00
7550.79,74.82,62.60,74.28,62.74,2243.07,188.92,6.63,11.11,2.60,5.01,-21.47,38.55,-18.87,43.56,0.00,0.00
7553.58,75.44,62.62,74.91,62.75,2253.59,199.01,6.42,10.76,2.85,4.76,-22.97,38.95,-20.13,43.72,0.00,0.00
7555.89,75.93,62.62,75.43,62.76,2262.14,207.33,6.03,10.61,2.16,4.98,-24.23,39.28,-22.07,44.26,0.00,0.00
7558.18,76.42,62.61,75.93,62.75,2270.20,215.90,5.72,10.29,2.20,4.43,-25.49,39.61,-23.30,44.04,0.00,0.00
7561.17,77.05,62.56,76.58,62.72,2280.44,226.89,5.13,10.28,1.57,5.12,-27.17,40.03,-25.60,45.15,0.00,0.00
7563.55,77.54,62.52,77.10,62.68,2288.15,236.03,4.62,9.97,1.24,4.34,-28.51,40.36,-27.27,44.70,0.00,0.00
7566.02,78.04,62.45,77.62,62.61,2295.60,245.63,4.23,9.66,1.32,4.20,-29.92,40.69,-28.60,44.90,0.00,0.00
7568.16,78.47,62.37,78.06,62.54,2301.67,253.98,3.94,9.49,1.31,4.34,-31.15,40.98,-29.84,45.32,0.00,0.00
7570.89,79.00,62.26,78.62,62.43,2309.01,264.90,3.49,9.13,0.92,3.92,-32.75,41.35,-31.82,45.27,0.00,0.00
7573.68,79.53,62.12,79.16,62.32,2316.02,275.76,2.93,9.20,0.45,4.72,-34.39,41.71,-33.94,46.44,0.00,0.00
7575.86,79.94,62.00,79.58,62.20,2320.98,284.63,2.61,9.00,0.56,4.02,-35.69,42.00,-35.13,46.02,0.00,0.00
7578.22,80.37,61.85,80.03,62.05,2325.88,294.19,2.31,8.92,0.52,4.29,-37.11,42.30,-36.59,46.59,0.00,0.00
7580.95,80.85,61.66,80.52,61.86,2330.78,305.57,2.17,8.62,0.84,3.76,-38.78,42.65,-37.93,46.41,0.00,0.00
7583.33,81.26,61.47,80.95,61.67,2334.78,315.53,1.85,8.48,0.25,3.95,-40.24,42.94,-40.00,46.89,0.00,0.00
7585.81,81.68,61.26,81.38,61.48,2338.54,325.77,1.41,8.54,-0.19,4.38,-41.79,43.25,-41.97,47.63,0.00,0.00
7587.96,82.03,61.06,81.73,61.28,2341.24,334.75,1.16,8.57,0.01,4.36,-43.13,43.51,-43.12,47.87,0.00,0.00
7590.69,82.46,60.78,82.17,61.01,2343.99,346.42,0.96,8.45,0.11,4.00,-44.86,43.84,-44.76,47.83,0.00,0.00
7593.43,82.88,60.48,82.59,60.71,2345.88,358.24,0.97,8.38,0.51,4.06,-46.62,44.16,-46.11,48.22,0.00,0.00
7595.62,83.20,60.23,82.91,60.45,2346.91,367.62,0.98,8.43,0.49,4.33,-48.03,44.41,-47.54,48.75,0.00,0.00
7598.00,83.53,59.93,83.25,60.16,2347.55,377.95,0.97,8.49,0.48,4.38,-49.59,44.69,-49.11,49.07,0.00,0.00
7600.76,83.91,59.56,83.61,59.80,2347.79,389.79,0.81,8.78,0.10,4.91,-51.41,45.00,-51.31,49.91,0.00,0.00
7603.11,84.21,59.23,83.91,59.46,2347.09,400.30,1.01,8.72,0.93,4.23,-52.98,45.26,-52.05,49.49,0.00,0.00
7605.55,84.51,58.86,84.20,59.09,2345.77,411.06,1.25,8.83,1.12,4.65,-54.61,45.53,-53.50,50.18,0.00,0.00
7607.70,84.76,58.52,84.45,58.75,2344.30,420.69,1.29,8.90,0.73,4.62,-56.07,45.76,-55.34,50.38,0.00,0.00
7610.44,85.07,58.06,84.75,58.30,2341.77,432.95,1.32,9.09,0.72,4.88,-57.95,46.05,-57.23,50.93,0.00,0.00
7613.18,85.35,57.58,85.03,57.83,2338.67,445.17,1.17,9.41,0.31,5.29,-59.85,46.34,-59.54,51.63,0.00,0.00
7615.36,85.56,57.18,85.24,57.45,2335.77,454.92,0.94,9.66,-0.04,5.42,-61.36,46.56,-61.41,51.98,0.00,0.00
7617.74,85.78,56.72,85.45,56.99,2331.81,465.95,0.92,9.66,0.40,4.82,-63.04,46.80,-62.64,51.62,0.00,0.00
7620.60,86.01,56.14,85.69,56.40,2326.04,479.40,1.10,9.58,0.88,4.66,-65.07,47.09,-64.20,51.74,0.00,0.00
7622.91,86.19,55.66,85.86,55.92,2320.92,490.21,1.08,9.61,0.49,4.86,-66.73,47.31,-66.24,52.17,0.00,0.00
7625.32,86.35,55.12,86.03,55.41,2315.31,501.20,0.69,10.00,-0.47,5.82,-68.47,47.55,-68.94,53.37,0.00,0.00
7627.49,86.48,54.63,86.17,54.94,2309.89,511.22,0.17,10.28,-1.10,5.77,-70.05,47.75,-71.15,53.52,0.00,0.00
7630.27,86.63,53.97,86.31,54.28,2301.60,524.29,0.09,10.44,-0.11,5.51,-72.09,48.01,-72.20,53.52,0.00,0.00
7632.85,86.75,53.33,86.43,53.64,2292.99,536.86,0.11,10.28,0.09,4.83,-74.01,48.24,-73.92,53.08,0.00,0.00
7635.00,86.83,52.78,86.51,53.10,2285.39,547.01,0.01,10.46,-0.23,5.64,-75.61,48.44,-75.85,54.08,0.00,0.00
7637.73,86.91,52.05,86.59,52.38,2274.97,559.95,-0.17,10.73,-0.41,5.87,-77.67,48.67,-78.09,54.55,0.00,0.00
7640.44,86.97,51.30,86.66,51.67,2264.45,572.85,-1.05,11.03,-2.14,6.06,-79.74,48.91,-81.88,54.97,0.00,0.00
7642.57,86.99,50.69,86.69,51.06,2255.00,583.20,-1.17,11.08,-0.88,5.66,-81.37,49.09,-82.25,54.75,0.00,0.00
7645.32,87.00,50.00,86.72,50.25,2242.25,596.98,0.47,8.72,3.21,0.07,10.75,-44.34,13.96,-44.26,0.00,0.00
7647.89,86.99,49.24,86.72,49.47,2229.42,609.76,0.68,8.17,0.75,3.02,10.69,-44.82,11.43,-41.81,0.00,0.00
7650.02,86.96,48.63,86.69,48.87,2219.07,619.10,0.62,8.35,0.16,4.60,10.64,-45.21,10.80,-40.61,0.00,0.00
7652.49,86.91,47.95,86.67,48.28,2209.19,628.53,-1.47,9.24,-4.96,6.41,10.59,-45.65,5.62,-39.23,0.00,0.00
7655.28,86.83,47.21,86.65,47.58,2197.43,639.60,-3.22,8.98,-4.76,4.04,10.54,-46.12,5.78,-42.08,0.00,0.00
7657.56,86.74,46.62,86.59,46.93,2185.78,649.36,-2.58,7.40,0.13,0.23,10.50,-46.49,10.63,-46.26,0.00,0.00
7659.86,86.64,46.05,86.52,46.24,2173.26,659.29,-1.11,5.11,2.63,-2.41,10.46,-46.85,13.09,-49.26,0.00,0.00
7662.86,86.48,45.34,86.40,45.45,2158.45,670.28,-0.60,3.16,0.54,-1.67,10.42,-47.30,10.96,-48.97,0.00,0.00
7665.20,86.33,44.81,86.30,44.92,2147.99,677.42,-1.25,2.37,-1.99,-0.50,10.40,-47.64,8.40,-48.14,0.00,0.00
7667.62,86.16,44.28,86.19,44.39,2137.62,684.14,-2.27,1.57,-3.24,-0.88,10.37,-47.96,7.13,-48.84,0.00,0.00
7670.45,85.95,43.68,86.04,43.73,2124.37,692.49,-2.29,-0.65,-1.20,-4.23,10.35,-48.33,9.15,-52.56,0.00,0.00
7672.85,85.74,43.20,85.90,43.16,2112.68,699.70,-1.79,-3.32,0.16,-7.24,10.33,-48.63,10.49,-55.86,0.00,0.00
7675.30,85.52,42.74,85.74,42.64,2101.52,705.61,-1.94,-5.24,-1.29,-6.55,10.32,-48.91,9.03,-55.46,0.00,0.00
7678.11,85.24,42.22,85.54,42.11,2089.68,710.86,-3.03,-6.67,-3.45,-5.87,10.31,-49.22,6.86,-55.09,0.00,0.00
7680.53,84.98,41.81,85.36,41.68,2079.66,715.12,-4.04,-8.29,-4.10,-7.50,10.30,-49.47,6.21,-56.97,0.00,0.00
7682.95,84.71,41.41,85.18,41.24,2069.48,719.38,-4.85,-10.50,-4.10,-9.79,10.30,-49.70,6.21,-59.49,0.00,0.00
7685.71,84.38,40.98,84.94,40.73,2057.22,723.78,-4.96,-13.26,-2.69,-11.64,10.31,-49.94,7.62,-61.58,0.00,0.00
7688.11,84.08,40.63,84.72,40.34,2047.25,726.37,-5.67,-15.02,-4.32,-11.20,10.32,-50.14,6.00,-61.34,0.00,0.00
7690.88,83.72,40.25,84.43,39.94,2035.97,728.24,-6.66,-16.62,-5.11,-11.18,10.33,-50.35,5.22,-61.53,0.00,0.00
7693.65,83.33,39.89,84.11,39.56,2024.57,729.27,-7.38,-18.10,-5.00,-11.71,10.35,-50.54,5.35,-62.25,0.00,0.00
7695.85,83.02,39.62,83.84,39.26,2015.25,729.73,-7.61,-19.41,-4.31,-12.70,10.37,-50.68,6.06,-63.37,0.00,0.00
7698.63,82.60,39.31,83.48,38.92,2003.65,729.56,-7.96,-20.94,-4.61,-13.22,10.40,-50.83,5.79,-64.05,0.00,0.00
7701.41,82.17,39.02,83.09,38.60,1992.14,728.37,-8.23,-22.13,-4.61,-13.21,10.43,-50.96,5.82,-64.18,0.00,0.00
7703.57,81.82,38.82,82.78,38.39,1983.57,726.59,-8.78,-22.67,-5.65,-12.58,10.46,-51.05,4.81,-63.64,0.00,0.00
7706.36,81.35,38.57,82.34,38.14,1972.28,723.58,-9.10,-23.24,-5.14,-12.63,10.50,-51.15,5.36,-63.78,0.00,0.00
7708.85,80.93,38.37,81.93,37.93,1962.08,720.31,-9.16,-23.70,-4.69,-12.78,10.55,-51.22,5.85,-64.00,0.00,0.00
7711.70,80.42,38.17,81.44,37.70,1950.46,716.04,-9.14,-24.34,-4.53,-13.28,10.60,-51.28,6.07,-64.56,0.00,0.00
7714.02,80.00,38.02,81.03,37.54,1941.16,711.94,-9.15,-24.68,-4.60,-13.08,10.65,-51.31,6.05,-64.40,0.00,0.00
7716.42,79.55,37.88,80.59,37.41,1931.78,706.84,-9.31,-24.64,-4.99,-12.24,10.70,-51.33,5.71,-63.57,0.00,0.00
7719.29,79.01,37.74,80.04,37.29,1920.60,699.83,-9.42,-24.28,-4.89,-11.50,10.77,-51.33,5.88,-62.84,0.00,0.00
7721.46,78.59,37.65,79.61,37.19,1912.11,694.38,-9.32,-24.23,-4.44,-12.02,10.83,-51.32,6.38,-63.34,0.00,0.00
7724.30,78.02,37.55,79.03,37.09,1900.84,686.49,-8.90,-23.96,-3.71,-11.49,10.90,-51.29,7.19,-62.77,0.00,0.00
7727.00,77.47,37.48,78.46,37.02,1890.34,678.36,-8.58,-23.61,-3.70,-11.17,10.98,-51.23,7.28,-62.40,0.00,0.00
7729.91,76.87,37.42,77.83,36.98,1879.40,668.72,-8.42,-22.90,-3.92,-10.24,11.07,-51.15,7.15,-61.39,0.00,0.00
7732.36,76.35,37.39,77.28,36.98,1870.39,659.73,-8.34,-21.89,-4.01,-8.87,11.15,-51.07,7.15,-59.94,0.00,0.00
7734.75,75.84,37.38,76.73,36.99,1861.60,650.52,-8.13,-20.84,-3.65,-8.23,11.23,-50.97,7.59,-59.21,0.00,0.00
7737.57,75.23,37.38,76.08,37.01,1851.32,639.60,-7.81,-20.01,-3.32,-8.53,11.33,-50.84,8.01,-59.37,0.00,0.00
7739.88,74.72,37.40,75.53,37.04,1842.81,630.02,-7.33,-19.08,-2.63,-7.52,11.42,-50.72,8.79,-58.24,0.00,0.00
7742.27,74.19,37.44,74.96,37.09,1834.27,619.89,-6.95,-18.23,-2.67,-7.33,11.52,-50.57,8.84,-57.91,0.00,0.00
7745.39,73.48,37.50,74.20,37.20,1823.61,605.63,-6.74,-16.59,-3.04,-5.66,11.64,-50.36,8.61,-56.02,0.00,0.00
7747.61,72.97,37.56,73.65,37.29,1816.12,595.20,-6.57,-15.51,-2.91,-5.34,11.74,-50.20,8.83,-55.54,0.00,0.00
7750.39,72.33,37.66,72.96,37.42,1806.87,581.84,-6.26,-14.19,-2.57,-4.71,11.86,-49.97,9.30,-54.68,0.00,0.00
7753.22,71.67,37.77,72.24,37.56,1797.44,567.73,-5.75,-12.79,-1.98,-3.92,12.00,-49.72,10.02,-53.64,0.00,0.00
7755.37,71.17,37.88,71.70,37.69,1790.61,556.72,-5.57,-11.73,-2.37,-3.43,12.10,-49.52,9.73,-52.95,0.00,0.00
7758.23,70.49,38.03,70.97,37.88,1781.99,541.65,-5.61,-10.25,-2.87,-2.54,12.24,-49.23,9.37,-51.77,0.00,0.00
7760.89,69.85,38.18,70.30,38.08,1774.21,527.43,-5.66,-9.00,-2.92,-2.15,12.38,-48.94,9.45,-51.09,0.00,0.00
7763.01,69.34,38.32,69.77,38.25,1768.17,516.01,-5.72,-8.16,-3.02,-2.09,12.49,-48.69,9.47,-50.79,0.00,0.00
7765.80,68.67,38.51,69.06,38.47,1760.24,500.84,-5.64,-7.24,-2.68,-1.97,12.64,-48.35,9.97,-50.32,0.00,0.00
7768.38,68.04,38.71,68.41,38.68,1753.12,486.58,-5.58,-6.44,-2.68,-1.67,12.79,-48.02,10.11,-49.69,0.00,0.00
7771.34,67.32,38.95,67.65,38.97,1745.41,469.53,-5.76,-5.22,-3.18,-0.56,12.96,-47.62,9.79,-48.17,0.00,0.00
7773.75,66.73,39.16,67.04,39.22,1739.54,455.36,-6.12,-4.18,-3.80,0.08,13.11,-47.27,9.31,-47.20,0.00,0.00
7776.23,66.12,39.39,66.42,39.48,1733.65,440.97,-6.44,-3.50,-3.88,-0.39,13.26,-46.90,9.38,-47.29,0.00,0.00
7779.12,65.40,39.68,65.68,39.79,1726.69,423.85,-6.50,-2.68,-3.35,0.08,13.44,-46.45,10.10,-46.37,0.00,0.00
7781.53,64.81,39.93,65.08,40.07,1721.28,409.42,-6.76,-2.07,-3.93,0.23,13.60,-46.06,9.68,-45.83,0.00,0.00
7784.00,64.20,40.19,64.46,40.37,1716.14,394.34,-7.25,-1.39,-4.61,0.69,13.77,-45.63,9.16,-44.94,0.00,0.00
7786.17,63.66,40.44,63.92,40.65,1711.77,380.94,-7.65,-0.73,-4.73,1.16,13.92,-45.25,9.18,-44.09,0.00,0.00
7788.92,62.98,40.76,63.24,41.01,1706.49,363.89,-8.22,-0.09,-5.16,1.11,14.11,-44.75,8.95,-43.65,0.00,0.00
7791.47,62.35,41.07,62.61,41.34,1701.70,348.07,-8.64,0.33,-5.13,0.99,14.29,-44.27,9.16,-43.28,0.00,0.00
7793.62,61.82,41.34,62.08,41.63,1697.82,334.71,-8.97,0.58,-5.25,0.87,14.45,-43.85,9.20,-42.98,0.00,0.00
7796.37,61.15,41.70,61.41,42.02,1693.22,317.40,-9.55,0.95,-5.84,1.15,14.66,-43.29,8.82,-42.14,0.00,0.00
7799.03,60.50,42.06,60.76,42.41,1689.00,300.32,-10.10,1.48,-6.08,1.73,14.86,-42.73,8.78,-41.00,0.00,0.00
