--- Terminal on COM9 | 460800 8-N-1
--- Available filters and text transformations: colorize, debug, default, direct, hexlify, log2file, nocontrol, printable, send_on_enter, time
--- More details at https://bit.ly/pio-monitor-filters
--- Quit: Ctrl+C | Menu: Ctrl+T | Help: Ctrl+T followed by Ctrl+H
Fully Homed
BEGIN CSV
Time(ms),X_Target(cm),Y_Target(cm),Left_Error(deg),Right_Error(deg),Left_PID,Right_PID,Left_Feed_Forward,Right_Feed_Forward,X_Puck(cm),Y_Puck(cm)
0.01,6.99,5.08,0.07,-0.09,0.07,-0.09,33.60,19.32
1.43,7.00,5.08,0.20,-0.02,0.20,-0.02,33.91,19.46
2.96,7.02,5.08,0.52,0.35,0.52,0.35,34.23,19.62
4.48,7.05,5.09,0.09,0.71,0.09,0.71,34.54,19.76
5.99,7.10,5.09,-0.75,0.56,-0.75,0.56,34.83,19.90
7.53,7.17,5.10,-1.94,1.57,-1.94,1.57,35.12,20.03
9.07,7.24,5.11,-4.80,2.02,-4.80,2.02,35.39,20.15
10.60,7.33,5.12,-6.72,2.72,-6.72,2.72,35.65,20.27
12.15,7.44,5.13,-6.58,3.71,-6.58,3.71,35.90,20.38
13.69,7.56,5.15,-5.42,4.33,-5.42,4.33,36.13,20.48
15.23,7.69,5.16,-3.44,4.87,-3.44,4.87,36.35,20.58
16.78,7.83,5.18,-2.75,5.60,-2.75,5.60,36.56,20.67
18.31,7.99,5.20,-1.68,5.82,-1.68,5.82,36.75,20.75
19.86,8.16,5.22,-0.25,6.68,-0.25,6.68,36.93,20.82
21.40,8.34,5.24,0.49,7.92,0.49,7.92,37.09,20.89
22.93,8.53,5.26,1.80,8.90,1.80,8.90,37.25,20.95
24.46,8.74,5.28,2.16,10.25,2.16,10.25,37.38,21.00
25.99,8.95,5.31,3.73,10.56,3.73,10.56,37.51,21.05
27.54,9.18,5.33,5.62,10.80,5.62,10.80,37.62,21.09
29.08,9.42,5.36,6.21,11.80,6.21,11.80,37.72,21.12
30.62,9.66,5.39,7.85,12.45,7.85,12.45,37.81,21.14
32.16,9.92,5.42,8.56,13.61,8.56,13.61,37.88,21.16
33.70,10.19,5.45,9.56,14.61,9.56,14.61,37.94,21.17
35.24,10.47,5.48,10.86,14.92,10.86,14.92,37.99,21.18
36.79,10.76,5.52,11.19,15.64,11.19,15.64,38.02,21.17
38.35,11.07,5.55,13.37,15.94,13.37,15.94,38.04,21.16
39.89,11.38,5.59,14.00,16.21,14.00,16.21,38.05,21.14
41.43,11.69,5.63,14.27,17.17,14.27,17.17,38.04,21.12
42.98,12.02,5.66,15.59,17.61,15.59,17.61,38.02,21.08
44.52,12.35,5.70,15.20,18.02,15.20,18.02,37.99,21.04
46.06,12.70,5.74,17.01,18.26,17.01,18.26,37.94,21.00
47.59,13.05,5.78,17.36,18.10,17.36,18.10,37.88,20.95
49.13,13.41,5.82,17.14,18.31,17.14,18.31,37.80,20.88
50.68,13.77,5.87,18.23,18.36,18.23,18.36,37.72,20.82
52.21,14.15,5.91,17.78,18.67,17.78,18.67,37.62,20.74
53.76,14.53,5.96,18.47,18.53,18.47,18.53,37.50,20.66
55.31,14.92,6.00,18.27,18.63,18.27,18.63,37.37,20.57
56.86,15.32,6.05,18.41,18.69,18.41,18.69,37.23,20.47
58.40,15.72,6.09,18.90,18.09,18.90,18.09,37.08,20.37
59.94,16.13,6.14,18.53,18.42,18.53,18.42,36.91,20.26
61.48,16.54,6.19,18.63,18.53,18.63,18.53,36.73,20.14
63.04,16.97,6.24,18.41,18.05,18.41,18.05,36.53,20.01
64.58,17.39,6.29,18.55,18.53,18.55,18.53,36.33,19.88
66.13,17.83,6.34,18.03,18.08,18.03,18.08,36.10,19.74
67.66,18.26,6.39,18.17,17.80,18.17,17.80,35.87,19.59
69.21,18.70,6.44,18.14,18.19,18.14,18.19,35.62,19.44
70.76,19.15,6.49,17.29,17.57,17.29,17.57,35.36,19.28
72.31,19.60,6.54,18.11,18.03,18.11,18.03,35.08,19.11
73.85,20.06,6.60,16.88,18.35,16.88,18.35,34.80,18.93
75.40,20.52,6.65,16.91,17.62,16.91,17.62,34.49,18.75
76.94,20.98,6.70,17.41,18.29,17.41,18.29,34.18,18.56
78.50,21.45,6.76,16.38,18.45,16.38,18.45,33.85,18.36
80.04,21.92,6.81,17.13,18.35,17.13,18.35,33.50,18.16
81.59,22.40,6.87,16.50,19.19,16.50,19.19,33.15,17.95
83.14,22.87,6.92,16.43,19.26,16.43,19.26,32.78,17.73
84.69,23.35,6.98,16.80,19.77,16.80,19.77,32.39,17.50
86.24,23.84,7.04,16.45,20.20,16.45,20.20,32.00,17.27
87.78,24.32,7.09,16.95,20.29,16.95,20.29,31.59,17.03
89.33,24.80,7.15,16.78,20.98,16.78,20.98,31.16,16.78
90.88,25.29,7.20,16.77,21.42,16.77,21.42,30.72,16.52
92.44,25.78,7.26,16.74,21.88,16.74,21.88,30.27,16.26
93.99,26.27,7.32,16.65,22.45,16.65,22.45,29.81,15.99
95.54,26.76,7.38,16.72,22.77,16.72,22.77,29.33,15.72
97.09,27.26,7.43,16.59,23.20,16.59,23.20,28.84,15.43
98.64,27.75,7.49,16.70,23.34,16.70,23.34,28.33,15.14
100.18,28.24,7.55,16.35,23.89,16.35,23.89,27.82,14.84
101.73,28.73,7.60,16.43,24.01,16.43,24.01,27.28,14.54
103.27,29.22,7.66,16.13,24.31,16.13,24.31,26.74,14.23
104.82,29.71,7.72,15.84,24.72,15.84,24.72,26.18,13.91
106.37,30.20,7.77,15.64,24.88,15.64,24.88,25.61,13.58
107.92,30.70,7.83,15.08,25.08,15.08,25.08,25.02,13.24
109.47,31.18,7.89,15.07,25.28,15.07,25.28,24.42,12.90
111.02,31.67,7.94,14.55,25.27,14.55,25.27,23.81,12.55
112.57,32.16,8.00,14.42,25.37,14.42,25.37,23.18,12.20
114.11,32.64,8.06,13.93,25.27,13.93,25.27,22.55,11.84
115.66,33.12,8.11,13.14,25.35,13.14,25.35,21.89,11.47
117.21,33.60,8.17,12.58,25.21,12.58,25.21,21.23,11.09
118.76,34.08,8.22,11.64,24.92,11.64,24.92,20.55,10.70
120.31,34.55,8.28,11.02,24.78,11.02,24.78,19.85,10.31
121.86,35.02,8.33,10.19,24.08,10.19,24.08,19.15,9.91
123.41,35.49,8.39,9.24,23.48,9.24,23.48,18.43,9.51
124.96,35.95,8.44,8.34,23.02,8.34,23.02,17.69,9.09
126.49,36.41,8.49,7.35,22.19,7.35,22.19,16.95,8.67
128.04,36.86,8.55,6.09,21.60,6.09,21.60,16.19,8.25
129.58,37.31,8.60,4.76,20.80,4.76,20.80,15.42,7.81
131.12,37.76,8.65,3.69,19.67,3.69,19.67,14.64,7.38
132.66,38.20,8.70,2.13,18.69,2.13,18.69,13.84,6.93
134.21,38.63,8.75,0.92,17.36,0.92,17.36,13.03,6.47
135.74,39.06,8.80,-0.35,16.07,-0.35,16.07,12.21,6.01
137.28,39.49,8.85,-2.23,14.75,-2.23,14.75,11.37,5.55
138.84,39.91,8.90,-3.38,13.34,-3.38,13.34,10.51,5.07
140.39,40.33,8.95,-5.16,12.00,-5.16,12.00,9.64,4.58
141.93,40.73,9.00,-6.91,10.48,-6.91,10.48,8.76,4.09
143.47,41.13,9.04,-8.12,8.98,-8.12,8.98,7.87,3.59
145.02,41.53,9.09,-9.70,7.36,-9.70,7.36,6.96,3.09
146.56,41.92,9.13,-11.13,5.87,-11.13,5.87,6.05,2.58
148.10,42.30,9.18,-12.52,4.38,-12.52,4.38,5.12,2.06
149.65,42.67,9.22,-13.80,2.82,-13.80,2.82,4.17,1.53
151.20,43.04,9.26,-15.27,1.57,-15.27,1.57,3.21,0.99
152.74,43.40,9.31,-16.33,0.10,-16.33,0.10,2.24,0.45
154.28,43.75,9.35,-17.28,-0.99,-17.28,-0.99,1.25,-0.09
155.84,44.09,9.39,-18.20,-2.08,-18.20,-2.08,0.25,-0.65
157.38,44.42,9.42,-19.05,-3.47,-19.05,-3.47,-0.77,-1.21
158.96,44.76,9.46,-19.53,-3.90,-19.53,-3.90,-1.82,-1.80
160.53,45.08,9.50,-20.04,-4.98,-20.04,-4.98,-2.87,-2.38
162.10,45.39,9.54,-20.37,-5.36,-20.37,-5.36,-3.94,-2.98
163.67,45.69,9.57,-20.17,-5.86,-20.17,-5.86,-5.03,-3.58
165.24,45.98,9.61,-20.52,-6.60,-20.52,-6.60,-6.13,-4.19
166.81,46.26,9.64,-19.69,-6.42,-19.69,-6.42,-7.24,-4.80
168.38,46.53,9.67,-20.04,-6.77,-20.04,-6.77,-8.37,-5.43
169.95,46.80,9.70,-18.62,-6.52,-18.62,-6.52,-9.51,-6.06
171.51,47.04,9.73,-18.00,-6.20,-18.00,-6.20,-10.66,-6.69
173.08,47.28,9.76,-17.32,-5.96,-17.32,-5.96,-11.82,-7.34
174.65,47.51,9.78,-15.90,-5.17,-15.90,-5.17,-13.01,-7.99
176.22,47.72,9.81,-15.53,-4.62,-15.53,-4.62,-14.21,-8.65
177.80,47.93,9.83,-13.14,-3.67,-13.14,-3.67,-15.42,-9.32
179.37,48.12,9.85,-12.53,-2.73,-12.53,-2.73,-16.65,-10.00
180.95,48.30,9.87,-10.57,-1.72,-10.57,-1.72,-17.89,-10.68
182.53,48.47,9.89,-8.54,-0.45,-8.54,-0.45,-19.15,-11.38
184.10,48.62,9.91,-7.50,0.69,-7.50,0.69,-20.42,-12.08
185.65,48.76,9.93,-4.56,2.10,-4.56,2.10,-21.68,-12.77
187.21,48.88,9.94,-3.43,3.58,-3.43,3.58,-22.96,-13.48
188.77,48.99,9.96,-1.16,5.01,-1.16,5.01,-24.26,-14.20
190.33,49.09,9.97,1.18,6.49,1.18,6.49,-25.58,-14.92
191.89,49.18,9.98,2.50,7.91,2.50,7.91,-26.90,-15.65
193.43,49.25,9.98,5.28,9.11,5.28,9.11,-28.23,-16.38
195.00,49.30,9.99,6.79,10.49,6.79,10.49,-29.58,-17.12
196.54,49.34,10.00,8.46,11.61,8.46,11.61,-30.93,-17.87
198.10,49.37,10.00,10.41,12.65,10.41,12.65,-32.32,-18.63
199.66,49.38,10.00,11.40,13.77,11.40,13.77,-33.70,-19.39
201.22,49.38,10.00,13.28,14.51,13.28,14.51,-6.61,-11.80
202.67,49.38,10.00,14.54,15.25,14.54,15.25,-6.65,-11.98
204.23,49.37,10.00,15.84,15.93,15.84,15.93,-6.68,-12.17
205.79,49.36,10.00,16.95,16.55,16.95,16.55,-6.72,-12.35
207.36,49.34,10.01,17.90,16.98,17.90,16.98,-6.75,-12.54
208.92,49.32,10.01,18.76,17.21,18.76,17.21,-6.77,-12.73
210.48,49.29,10.01,19.52,17.16,19.52,17.16,-6.80,-12.92
212.04,49.25,10.02,19.67,16.96,19.67,16.96,-6.81,-13.10
213.59,49.22,10.02,20.05,16.40,20.05,16.40,-6.83,-13.28
215.15,49.17,10.03,19.80,15.55,19.80,15.55,-6.84,-13.46
216.71,49.13,10.04,19.46,14.76,19.46,14.76,-6.84,-13.64
218.27,49.07,10.04,19.00,13.65,19.00,13.65,-6.84,-13.82
219.82,49.02,10.05,18.05,12.53,18.05,12.53,-6.84,-14.00
221.37,48.95,10.06,17.47,11.14,17.47,11.14,-6.83,-14.17
222.94,48.89,10.07,16.31,9.45,16.31,9.45,-6.82,-14.35
224.50,48.82,10.08,15.13,7.87,15.13,7.87,-6.80,-14.52
226.05,48.74,10.10,13.98,6.17,13.98,6.17,-6.78,-14.69
227.60,48.66,10.11,12.59,4.53,12.59,4.53,-6.75,-14.86
229.16,48.58,10.13,11.16,2.76,11.16,2.76,-6.72,-15.03
230.72,48.49,10.14,9.76,0.92,9.76,0.92,-6.69,-15.20
232.27,48.40,10.16,8.38,-0.81,8.38,-0.81,-6.65,-15.37
233.83,48.30,10.18,6.65,-2.62,6.65,-2.62,-6.61,-15.53
235.39,48.20,10.20,5.37,-4.41,5.37,-4.41,-6.57,-15.69
236.95,48.09,10.22,3.53,-6.26,3.53,-6.26,-6.52,-15.86
238.52,47.98,10.24,2.11,-8.04,2.11,-8.04,-6.46,-16.02
240.08,47.87,10.26,0.56,-9.60,0.56,-9.60,-6.40,-16.18
241.62,47.75,10.28,-1.32,-11.48,-1.32,-11.48,-6.34,-16.34
243.19,47.63,10.31,-2.31,-12.99,-2.31,-12.99,-6.27,-16.50
244.76,47.51,10.34,-4.48,-14.71,-4.48,-14.71,-6.20,-16.66
246.34,47.38,10.36,-5.24,-16.25,-5.24,-16.25,-6.12,-16.81
247.92,47.24,10.39,-6.90,-17.64,-6.90,-17.64,-6.04,-16.97
249.48,47.11,10.42,-8.21,-19.26,-8.21,-19.26,-5.96,-17.12
251.07,46.97,10.46,-8.73,-20.19,-8.73,-20.19,-5.87,-17.28
252.65,46.82,10.49,-10.93,-21.41,-10.93,-21.41,-5.77,-17.43
254.23,46.67,10.52,-10.62,-22.32,-10.62,-22.32,-5.67,-17.58
255.81,46.52,10.56,-12.60,-22.76,-12.60,-22.76,-5.57,-17.73
257.39,46.37,10.60,-12.48,-23.84,-12.48,-23.84,-5.46,-17.87
258.98,46.21,10.64,-13.20,-23.81,-13.20,-23.81,-5.35,-18.02
260.56,46.05,10.68,-13.93,-24.43,-13.93,-24.43,-5.23,-18.17
262.14,45.88,10.72,-13.22,-24.67,-13.22,-24.67,-5.11,-18.31
263.72,45.72,10.77,-14.45,-24.23,-14.45,-24.23,-4.99,-18.45
265.31,45.55,10.81,-13.42,-24.87,-13.42,-24.87,-4.86,-18.60
266.89,45.37,10.86,-14.14,-23.76,-14.14,-23.76,-4.73,-18.74
268.47,45.20,10.91,-13.95,-23.50,-13.95,-23.50,-4.59,-18.87
270.05,45.02,10.96,-13.20,-23.18,-13.20,-23.18,-4.45,-19.01
271.62,44.84,11.01,-13.42,-21.94,-13.42,-21.94,-4.30,-19.15
273.20,44.65,11.06,-12.04,-22.08,-12.04,-22.08,-4.15,-19.28
274.77,44.47,11.12,-12.13,-20.87,-12.13,-20.87,-4.00,-19.41
276.35,44.28,11.18,-11.31,-19.49,-11.31,-19.49,-3.84,-19.55
277.94,44.08,11.24,-10.46,-18.95,-10.46,-18.95,-3.67,-19.68
279.52,43.89,11.30,-10.02,-17.01,-10.02,-17.01,-3.50,-19.81
281.09,43.69,11.36,-8.60,-16.38,-8.60,-16.38,-3.33,-19.93
282.66,43.50,11.42,-8.02,-14.95,-8.02,-14.95,-3.16,-20.06
284.23,43.30,11.49,-6.88,-13.15,-6.88,-13.15,-2.98,-20.18
285.81,43.09,11.56,-5.86,-12.50,-5.86,-12.50,-2.79,-20.31
287.39,42.89,11.63,-5.08,-10.65,-5.08,-10.65,-2.60,-20.43
288.96,42.68,11.70,-4.05,-9.13,-4.05,-9.13,-2.41,-20.55
290.54,42.47,11.78,-2.95,-7.85,-2.95,-7.85,-2.21,-20.67
292.11,42.26,11.85,-2.06,-6.17,-2.06,-6.17,-2.01,-20.79
293.68,42.05,11.93,-1.06,-5.15,-1.06,-5.15,-1.80,-20.90
295.24,41.84,12.01,-0.23,-3.78,-0.23,-3.78,-1.59,-21.02
296.80,41.62,12.09,0.55,-2.33,0.55,-2.33,-1.38,-21.13
298.35,41.41,12.17,1.58,-1.20,1.58,-1.20,-1.17,-21.24
299.92,41.19,12.26,2.09,-0.12,2.09,-0.12,-0.94,-21.35
301.47,40.97,12.35,2.62,1.02,2.62,1.02,-0.72,-21.46
303.02,40.75,12.44,3.26,1.79,3.26,1.79,-0.49,-21.57
304.57,40.53,12.53,3.74,2.74,3.74,2.74,-0.26,-21.68
306.12,40.31,12.62,4.22,3.62,4.22,3.62,-0.02,-21.78
307.67,40.08,12.72,4.42,4.37,4.42,4.37,0.22,-21.89
309.21,39.86,12.81,4.62,5.00,4.62,5.00,0.46,-21.99
310.76,39.64,12.91,4.90,5.50,4.90,5.50,0.71,-22.09
312.29,39.41,13.02,4.93,5.83,4.93,5.83,0.96,-22.19
313.83,39.18,13.12,4.88,6.13,4.88,6.13,1.22,-22.28
315.38,38.96,13.23,4.80,6.23,4.80,6.23,1.48,-22.38
316.92,38.73,13.33,4.51,6.26,4.51,6.26,1.75,-22.48
318.48,38.50,13.45,4.27,6.21,4.27,6.21,2.02,-22.57
320.02,38.27,13.56,3.70,6.07,3.70,6.07,2.29,-22.66
321.56,38.04,13.67,3.26,5.73,3.26,5.73,2.57,-22.76
323.11,37.80,13.79,2.71,5.37,2.71,5.37,2.85,-22.85
324.65,37.57,13.91,1.84,4.81,1.84,4.81,3.13,-22.94
326.18,37.34,14.03,1.23,4.13,1.23,4.13,3.42,-23.02
327.73,37.11,14.16,0.44,3.51,0.44,3.51,3.72,-23.11
329.27,36.87,14.29,-0.62,2.68,-0.62,2.68,4.01,-23.19
330.81,36.64,14.42,-1.32,1.68,-1.32,1.68,4.32,-23.28
332.37,36.40,14.55,-2.46,0.97,-2.46,0.97,4.63,-23.36
333.92,36.17,14.68,-3.29,-0.02,-3.29,-0.02,4.94,-23.44
335.48,35.93,14.82,-4.18,-1.11,-4.18,-1.11,5.26,-23.52
337.05,35.69,14.97,-5.54,-1.83,-5.54,-1.83,5.58,-23.60
338.61,35.45,15.11,-6.06,-3.18,-6.06,-3.18,5.91,-23.68
340.17,35.21,15.26,-7.42,-4.00,-7.42,-4.00,6.24,-23.76
341.73,34.98,15.41,-7.99,-4.94,-7.99,-4.94,6.57,-23.84
343.31,34.74,15.56,-8.85,-6.18,-8.85,-6.18,6.91,-23.91
344.87,34.50,15.72,-10.18,-6.93,-10.18,-6.93,7.26,-23.98
346.43,34.26,15.87,-10.23,-7.99,-10.23,-7.99,7.61,-24.06
348.00,34.02,16.03,-11.78,-8.93,-11.78,-8.93,7.96,-24.13
349.57,33.78,16.20,-11.75,-9.78,-11.75,-9.78,8.32,-24.20
351.14,33.55,16.37,-12.69,-10.73,-12.69,-10.73,8.68,-24.27
352.72,33.31,16.54,-13.40,-11.35,-13.40,-11.35,9.05,-24.33
354.30,33.07,16.71,-13.04,-11.99,-13.04,-11.99,9.43,-24.40
355.86,32.83,16.89,-14.42,-12.80,-14.42,-12.80,9.80,-24.46
357.44,32.60,17.07,-13.70,-13.35,-13.70,-13.35,10.18,-24.53
359.01,32.36,17.25,-14.53,-13.69,-14.53,-13.69,10.57,-24.59
360.59,32.13,17.43,-14.63,-14.63,-14.63,-14.63,10.96,-24.65
362.16,31.89,17.62,-14.12,-14.65,-14.12,-14.65,11.35,-24.71
363.75,31.66,17.82,-15.22,-15.11,-15.22,-15.11,11.75,-24.77
365.33,31.43,18.01,-13.99,-15.61,-13.99,-15.61,12.16,-24.82
366.91,31.19,18.21,-14.96,-15.29,-14.96,-15.29,12.57,-24.88
368.49,30.96,18.41,-14.02,-16.07,-14.02,-16.07,12.98,-24.93
370.06,30.74,18.61,-13.84,-15.69,-13.84,-15.69,13.39,-24.99
371.64,30.51,18.82,-14.12,-15.67,-14.12,-15.67,13.81,-25.04
373.21,30.28,19.03,-12.45,-16.17,-12.45,-16.17,14.24,-25.09
374.79,30.06,19.25,-13.27,-15.16,-13.27,-15.16,14.67,-25.14
376.37,29.83,19.46,-11.66,-15.72,-11.66,-15.72,15.10,-25.18
377.96,29.61,19.69,-11.71,-15.37,-11.71,-15.37,15.54,-25.23
379.54,29.39,19.91,-11.36,-14.85,-11.36,-14.85,15.99,-25.28
381.13,29.17,20.14,-9.99,-15.42,-9.99,-15.42,16.44,-25.32
382.70,28.95,20.37,-10.68,-14.48,-10.68,-14.48,16.89,-25.36
384.27,28.74,20.60,-8.94,-14.62,-8.94,-14.62,17.34,-25.40
385.84,28.52,20.84,-9.26,-14.46,-9.26,-14.46,17.80,-25.44
387.42,28.31,21.08,-8.37,-13.78,-8.37,-13.78,18.26,-25.48
388.99,28.10,21.32,-7.60,-13.81,-7.60,-13.81,18.73,-25.52
390.56,27.89,21.57,-7.88,-13.51,-7.88,-13.51,19.20,-25.55
392.14,27.69,21.82,-6.05,-13.20,-6.05,-13.20,19.68,-25.59
393.71,27.48,22.07,-6.46,-13.09,-6.46,-13.09,20.16,-25.62
395.27,27.28,22.33,-5.33,-12.75,-5.33,-12.75,20.64,-25.65
396.84,27.09,22.59,-4.65,-12.31,-4.65,-12.31,21.13,-25.68
398.41,26.89,22.85,-4.60,-12.04,-4.60,-12.04,21.62,-25.71
399.98,26.69,23.12,-3.09,-11.72,-3.09,-11.72,22.12,-25.74
401.55,26.50,23.39,-3.37,-11.12,-3.37,-11.12,22.62,-25.76
403.13,26.31,23.67,-2.14,-11.00,-2.14,-11.00,23.12,-25.79
404.69,26.13,23.94,-1.75,-10.41,-1.75,-10.41,23.63,-25.81
406.27,25.94,24.23,-1.29,-10.10,-1.29,-10.10,24.15,-25.83
407.84,25.76,24.51,-0.54,-9.77,-0.54,-9.77,24.67,-25.85
409.41,25.58,24.80,-0.27,-9.24,-0.27,-9.24,25.19,-25.87
410.98,25.41,25.10,0.54,-9.00,0.54,-9.00,25.71,-25.89
412.53,25.23,25.39,0.85,-8.49,0.85,-8.49,26.24,-25.91
414.08,25.07,25.69,1.47,-8.27,1.47,-8.27,26.77,-25.92
415.63,24.90,25.99,1.70,-7.76,1.70,-7.76,27.30,-25.94
417.18,24.74,26.29,2.07,-7.25,2.07,-7.25,27.84,-25.95
418.74,24.58,26.60,2.58,-7.05,2.58,-7.05,28.38,-25.96
420.29,24.42,26.91,2.78,-6.65,2.78,-6.65,28.93,-25.97
421.85,24.27,27.23,3.17,-6.50,3.17,-6.50,29.48,-25.98
423.40,24.12,27.55,3.14,-6.15,3.14,-6.15,30.03,-25.99
424.96,23.97,27.87,3.57,-5.78,3.57,-5.78,30.59,-26.00
426.52,23.83,28.20,3.47,-5.74,3.47,-5.74,31.16,-26.00
428.07,23.69,28.53,3.48,-5.47,3.48,-5.47,31.72,-26.01
429.63,23.55,28.87,3.82,-5.32,3.82,-5.32,32.30,-26.01
431.18,23.41,29.21,3.35,-5.26,3.35,-5.26,32.87,-26.01
432.73,23.28,29.55,3.50,-5.18,3.50,-5.18,33.45,-26.01
434.29,23.16,29.90,3.23,-5.10,3.23,-5.10,34.04,-26.01
435.84,23.04,30.25,3.01,-5.14,3.01,-5.14,34.62,-26.01
437.38,22.92,30.61,2.98,-5.15,2.98,-5.15,35.21,-26.00
438.94,22.80,30.97,2.39,-5.10,2.39,-5.10,35.81,-26.00
440.49,22.69,31.33,2.07,-5.47,2.07,-5.47,36.41,-25.99
442.05,22.58,31.70,1.52,-5.22,1.52,-5.22,37.02,-25.98
443.60,22.48,32.07,1.14,-5.50,1.14,-5.50,37.63,-25.97
445.15,22.38,32.45,0.77,-6.00,0.77,-6.00,38.24,-25.96
446.70,22.29,32.83,0.33,-5.65,0.33,-5.65,38.85,-25.95
448.24,22.19,33.21,-0.31,-6.28,-0.31,-6.28,39.47,-25.94
449.80,22.11,33.60,-0.92,-6.39,-0.92,-6.39,40.10,-25.93
451.37,22.02,33.99,-1.38,-6.32,-1.38,-6.32,40.73,-25.91
452.93,21.95,34.39,-2.32,-7.03,-2.32,-7.03,41.37,-25.89
454.49,21.87,34.80,-2.48,-6.95,-2.48,-6.95,42.01,-25.88
456.06,21.80,35.21,-3.48,-7.24,-3.48,-7.24,42.66,-25.86
457.63,21.74,35.62,-4.02,-7.78,-4.02,-7.78,43.32,-25.83
459.19,21.67,36.04,-4.63,-7.67,-4.63,-7.67,43.97,-25.81
460.76,21.62,36.46,-5.53,-8.06,-5.53,-8.06,44.64,-25.79
462.33,21.57,36.89,-5.56,-8.25,-5.56,-8.25,45.30,-25.76
463.90,21.52,37.32,-6.79,-8.56,-6.79,-8.56,45.97,-25.74
465.47,21.48,37.76,-7.09,-8.76,-7.09,-8.76,46.65,-25.71
467.04,21.44,38.20,-7.73,-8.96,-7.73,-8.96,47.33,-25.68
468.61,21.41,38.65,-8.45,-9.10,-8.45,-9.10,48.01,-25.65
470.18,21.38,39.10,-8.74,-9.13,-8.74,-9.13,48.70,-25.62
471.74,21.36,39.55,-9.54,-9.22,-9.54,-9.22,49.39,-25.59
473.31,21.35,40.02,-9.63,-9.13,-9.63,-9.13,50.09,-25.55
474.88,21.34,40.48,-10.22,-9.29,-10.22,-9.29,50.79,-25.52
476.45,21.33,40.95,-10.63,-8.99,-10.63,-8.99,51.49,-25.48
478.02,21.33,41.42,-10.69,-8.70,-10.69,-8.70,52.20,-25.44
479.60,21.34,41.90,-10.94,-8.60,-10.94,-8.60,52.92,-25.41
481.16,21.35,42.39,-10.83,-7.98,-10.83,-7.98,53.64,-25.36
482.73,21.36,42.88,-10.98,-7.64,-10.98,-7.64,54.36,-25.32
484.30,21.39,43.37,-10.64,-7.03,-10.64,-7.03,55.08,-25.28
485.87,21.41,43.87,-10.39,-5.95,-10.39,-5.95,55.82,-25.24
487.45,21.45,44.37,-9.79,-5.69,-9.79,-5.69,56.55,-25.19
489.02,21.49,44.88,-9.61,-4.57,-9.61,-4.57,57.30,-25.14
490.60,21.53,45.40,-8.61,-4.23,-8.61,-4.23,58.04,-25.09
492.15,21.58,45.91,-8.33,-3.57,-8.33,-3.57,58.79,-25.04
493.73,21.64,46.44,-7.58,-2.38,-7.58,-2.38,59.54,-24.99
495.31,21.70,46.97,-6.39,-1.97,-6.39,-1.97,60.30,-24.94
496.86,21.77,47.49,-7.07,-0.76,-7.07,-0.76,61.06,-24.89
498.43,21.85,48.03,-4.76,0.17,-4.76,0.17,61.82,-24.83
499.98,21.93,48.57,-5.25,0.97,-5.25,0.97,62.58,-24.78
501.54,22.00,49.00,-5.75,3.30,-5.75,3.30,-33.20,58.89
503.06,22.09,49.52,-4.72,4.41,-4.72,4.41,-33.39,58.91
504.62,22.18,50.04,-3.87,5.65,-3.87,5.65,-33.59,58.93
506.19,22.28,50.55,-3.77,5.90,-3.77,5.90,-33.78,58.94
507.76,22.38,51.04,0.70,6.05,0.70,6.05,-33.96,58.95
509.30,22.48,51.50,2.10,8.18,2.10,8.18,-34.14,58.95
510.85,22.58,51.95,7.02,8.85,7.02,8.85,-34.30,58.94
512.40,22.69,52.38,10.03,10.23,10.03,10.23,-34.47,58.93
513.95,22.80,52.80,8.89,13.14,8.89,13.14,-34.63,58.91
515.51,22.91,53.20,8.90,12.78,8.90,12.78,-34.78,58.88
517.06,23.02,53.58,7.17,15.02,7.17,15.02,-34.92,58.85
518.61,23.13,53.95,7.53,17.47,7.53,17.47,-35.06,58.81
520.17,23.25,54.30,7.61,16.75,7.61,16.75,-35.19,58.76
521.72,23.37,54.64,8.30,20.30,8.30,20.30,-35.32,58.71
523.28,23.50,54.96,7.53,21.44,7.53,21.44,-35.44,58.65
524.84,23.62,55.27,6.34,20.77,6.34,20.77,-35.56,58.59
526.40,23.75,55.56,7.91,23.75,7.91,23.75,-35.67,58.52
527.95,23.88,55.84,4.93,23.95,4.93,23.95,-35.77,58.44
529.52,24.01,56.10,6.37,25.79,6.37,25.79,-35.86,58.36
531.07,24.14,56.34,5.39,28.75,5.39,28.75,-35.95,58.27
532.64,24.28,56.57,2.67,27.85,2.67,27.85,-36.04,58.17
534.19,24.41,56.79,4.91,29.89,4.91,29.89,-36.12,58.07
535.75,24.55,56.99,1.19,31.04,1.19,31.04,-36.19,57.96
537.31,24.69,57.18,2.18,30.34,2.18,30.34,-36.25,57.84
538.86,24.84,57.35,2.09,32.57,2.09,32.57,-36.31,57.72
540.42,24.98,57.51,-1.47,32.72,-1.47,32.72,-36.37,57.59
541.99,25.13,57.66,-0.06,32.80,-0.06,32.80,-36.41,57.46
543.55,25.28,57.79,-3.71,34.59,-3.71,34.59,-36.45,57.32
545.12,25.43,57.91,-4.35,33.38,-4.35,33.38,-36.49,57.17
546.69,25.59,58.02,-4.42,33.52,-4.42,33.52,-36.52,57.01
548.26,25.74,58.11,-7.73,33.84,-7.73,33.84,-36.54,56.85
549.83,25.90,58.19,-7.15,31.88,-7.15,31.88,-36.56,56.68
551.39,26.06,58.26,-10.44,32.68,-10.44,32.68,-36.57,56.51
552.96,26.22,58.31,-11.69,31.87,-11.69,31.87,-36.57,56.33
554.53,26.38,58.35,-12.60,30.94,-12.60,30.94,-36.57,56.14
556.11,26.54,58.38,-15.54,31.88,-15.54,31.88,-36.56,55.94
557.68,26.71,58.40,-16.02,29.59,-16.02,29.59,-36.54,55.74
559.25,26.87,58.40,-18.07,29.55,-18.07,29.55,-36.52,55.54
560.82,27.04,58.39,-18.68,29.11,-18.68,29.11,-36.50,55.32
562.39,27.21,58.37,-19.72,26.47,-19.72,26.47,-36.46,55.10
563.96,27.38,58.34,-21.27,26.95,-21.27,26.95,-36.42,54.88
565.54,27.56,58.29,-22.21,25.81,-22.21,25.81,-36.38,54.64
567.12,27.73,58.24,-23.92,25.56,-23.92,25.56,-36.32,54.40
568.68,27.91,58.17,-25.05,26.20,-25.05,26.20,-36.26,54.16
570.25,28.08,58.09,-26.15,23.74,-26.15,23.74,-36.20,53.90
571.82,28.26,58.00,-26.05,23.57,-26.05,23.57,-36.13,53.65
573.39,28.44,57.90,-26.21,22.18,-26.21,22.18,-36.05,53.38
574.95,28.62,57.79,-26.28,21.24,-26.28,21.24,-35.97,53.11
576.53,28.80,57.67,-26.77,21.64,-26.77,21.64,-35.88,52.83
578.11,28.98,57.54,-27.14,20.67,-27.14,20.67,-35.78,52.54
579.69,29.17,57.40,-26.83,21.04,-26.83,21.04,-35.67,52.25
581.26,29.35,57.24,-26.46,21.01,-26.46,21.01,-35.57,51.95
582.83,29.54,57.08,-25.24,20.14,-25.24,20.14,-35.45,51.65
584.41,29.72,56.91,-24.03,19.88,-24.03,19.88,-35.33,51.34
585.97,29.91,56.73,-22.81,19.50,-22.81,19.50,-35.20,51.02
587.54,30.10,56.54,-21.30,19.71,-21.30,19.71,-35.07,50.70
589.10,30.29,56.34,-19.93,20.09,-19.93,20.09,-34.93,50.37
590.67,30.48,56.13,-18.34,20.27,-18.34,20.27,-34.78,50.03
592.24,30.67,55.91,-16.57,20.79,-16.57,20.79,-34.63,49.69
593.82,30.86,55.68,-14.82,21.01,-14.82,21.01,-34.47,49.34
595.39,31.05,55.45,-12.58,21.17,-12.58,21.17,-34.30,48.98
596.96,31.25,55.20,-10.15,21.13,-10.15,21.13,-34.13,48.62
598.53,31.44,54.95,-8.05,21.18,-8.05,21.18,-33.95,48.25
600.11,31.64,54.69,-5.32,21.82,-5.32,21.82,-33.77,47.87
601.67,31.83,54.42,-2.90,21.26,-2.90,21.26,-33.58,47.49
603.24,32.03,54.14,-1.13,22.02,-1.13,22.02,-33.38,47.10
604.80,32.22,53.86,1.66,22.86,1.66,22.86,-33.18,46.71
606.36,32.42,53.57,3.50,21.76,3.50,21.76,-32.97,46.31
607.92,32.61,53.28,5.49,22.91,5.49,22.91,-32.76,45.90
609.48,32.81,52.97,9.01,22.40,9.01,22.40,-32.54,45.49
611.03,33.01,52.66,10.26,20.88,10.26,20.88,-32.32,45.08
612.59,33.20,52.34,12.99,21.83,12.99,21.83,-32.08,44.65
614.15,33.40,52.02,15.89,21.06,15.89,21.06,-31.85,44.22
615.71,33.60,51.69,16.17,20.34,16.17,20.34,-31.60,43.78
617.27,33.80,51.35,19.41,21.25,19.41,21.25,-31.35,43.34
618.83,34.00,51.00,20.34,19.79,20.34,19.79,-31.09,42.89
620.39,34.19,50.65,21.36,19.27,21.36,19.27,-30.83,42.43
621.95,34.39,50.30,24.80,18.71,24.80,18.71,-30.56,41.97
623.51,34.59,49.94,24.46,17.13,24.46,17.13,-30.28,41.50
625.08,34.79,49.57,26.80,16.39,26.80,16.39,-30.00,41.02
626.63,34.99,49.20,28.21,15.23,28.21,15.23,-29.72,40.54
628.19,35.19,48.82,27.62,14.59,27.62,14.59,-29.42,40.05
629.76,35.39,48.43,30.11,13.30,30.11,13.30,-29.12,39.56
631.32,35.59,48.04,29.34,12.11,29.34,12.11,-28.81,39.06
632.88,35.79,47.65,30.00,11.10,30.00,11.10,-28.50,38.55
634.43,35.99,47.25,31.33,8.87,31.33,8.87,-28.18,38.03
636.00,36.19,46.85,30.15,8.05,30.15,8.05,-27.86,37.51
637.54,36.38,46.45,31.23,6.46,31.23,6.46,-27.53,36.99
639.11,36.58,46.03,30.87,4.44,30.87,4.44,-27.19,36.46
640.66,36.78,45.62,30.27,3.67,30.27,3.67,-26.85,35.92
642.22,36.98,45.20,30.71,2.03,30.71,2.03,-26.50,35.37
643.77,37.18,44.78,29.40,0.50,29.40,0.50,-26.14,34.82
645.32,37.37,44.36,28.98,-0.70,28.98,-0.70,-25.79,34.27
646.88,37.57,43.93,28.37,-2.37,28.37,-2.37,-25.42,33.70
648.45,37.77,43.49,27.41,-3.67,27.41,-3.67,-25.04,33.13
650.02,37.96,43.05,27.01,-5.08,27.01,-5.08,-24.66,32.55
651.57,38.16,42.62,25.99,-6.30,25.99,-6.30,-24.27,31.96
653.14,38.36,42.17,25.08,-7.37,25.08,-7.37,-23.88,31.37
654.70,38.55,41.73,24.19,-8.33,24.19,-8.33,-23.48,30.77
656.27,38.75,41.28,22.95,-9.09,22.95,-9.09,-23.07,30.17
657.83,38.94,40.83,21.86,-9.98,21.86,-9.98,-22.66,29.56
659.39,39.14,40.37,20.82,-10.76,20.82,-10.76,-22.24,28.94
660.96,39.33,39.92,19.89,-11.48,19.89,-11.48,-21.82,28.31
662.54,39.52,39.46,18.84,-12.12,18.84,-12.12,-21.38,27.68
664.11,39.72,38.99,17.73,-12.52,17.73,-12.52,-20.94,27.03
665.69,39.91,38.53,16.66,-12.59,16.66,-12.59,-20.49,26.38
667.26,40.10,38.07,15.42,-12.55,15.42,-12.55,-20.04,25.73
668.83,40.29,37.60,14.23,-12.31,14.23,-12.31,-19.59,25.07
670.40,40.48,37.14,13.23,-12.08,13.23,-12.08,-19.12,24.41
671.97,40.67,36.67,12.25,-11.94,12.25,-11.94,-18.65,23.73
673.55,40.86,36.20,11.25,-11.72,11.25,-11.72,-18.17,23.05
675.12,41.05,35.73,10.39,-11.29,10.39,-11.29,-17.69,22.37
676.69,41.23,35.26,9.49,-10.68,9.49,-10.68,-17.20,21.67
678.26,41.42,34.79,8.62,-9.76,8.62,-9.76,-16.70,20.97
679.82,41.60,34.32,7.78,-8.89,7.78,-8.89,-16.20,20.27
681.37,41.78,33.86,7.03,-8.03,7.03,-8.03,-15.70,19.57
682.93,41.96,33.39,6.19,-7.00,6.19,-7.00,-15.19,18.86
684.48,42.14,32.93,5.66,-5.85,5.66,-5.85,-14.68,18.15
686.05,42.32,32.46,4.98,-4.76,4.98,-4.76,-14.15,17.41
687.61,42.50,31.99,4.31,-3.63,4.31,-3.63,-13.62,16.68
689.17,42.67,31.53,3.74,-2.22,3.74,-2.22,-13.09,15.94
690.73,42.85,31.07,3.21,-0.90,3.21,-0.90,-12.55,15.20
692.28,43.02,30.61,2.80,0.56,2.80,0.56,-12.00,14.45
693.82,43.19,30.15,2.51,1.99,2.51,1.99,-11.46,13.70
695.38,43.36,29.69,2.18,3.47,2.18,3.47,-10.90,12.94
696.93,43.53,29.23,1.79,5.01,1.79,5.01,-10.33,12.17
698.48,43.69,28.78,1.46,6.45,1.46,6.45,-9.76,11.40
700.04,43.86,28.33,1.13,7.98,1.13,7.98,-9.19,10.62
701.60,44.02,27.87,0.78,9.47,0.78,9.47,-8.60,9.83
703.13,44.19,27.43,0.60,10.83,0.60,10.83,-8.02,9.04
704.68,44.35,26.98,0.39,12.22,0.39,12.22,-7.43,8.25
706.23,44.51,26.54,0.18,13.58,0.18,13.58,-6.83,7.44
707.78,44.66,26.10,-0.01,14.81,-0.01,14.81,-6.22,6.63
709.33,44.82,25.66,-0.28,16.06,-0.28,16.06,-5.61,5.82
710.89,44.97,25.22,-0.33,17.16,-0.33,17.16,-4.99,4.99
712.46,45.13,24.78,-0.67,18.35,-0.67,18.35,-4.36,4.15
714.03,45.28,24.35,-0.70,19.42,-0.70,19.42,-3.72,3.31
715.58,45.43,23.92,-0.83,20.14,-0.83,20.14,-3.09,2.46
717.15,45.58,23.49,-1.22,21.09,-1.22,21.09,-2.44,1.61
718.71,45.73,23.07,-1.03,21.70,-1.03,21.70,-1.78,0.74
720.26,45.87,22.66,-1.54,22.13,-1.54,22.13,-1.13,-0.12
721.84,46.02,22.24,-1.68,22.80,-1.68,22.80,-0.46,-1.00
723.39,46.16,21.83,-1.79,23.06,-1.79,23.06,0.21,-1.88
724.96,46.30,21.42,-2.08,23.30,-2.08,23.30,0.89,-2.76
726.52,46.43,21.02,-2.15,23.43,-2.15,23.43,1.58,-3.66
728.09,46.57,20.62,-2.65,23.42,-2.65,23.42,2.27,-4.56
729.65,46.70,20.23,-2.86,23.49,-2.86,23.49,2.97,-5.47
731.21,46.83,19.84,-3.01,23.20,-3.01,23.20,3.67,-6.38
732.76,46.96,19.46,-3.18,22.97,-3.18,22.97,4.37,-7.29
734.34,47.09,19.08,-3.52,22.59,-3.52,22.59,5.09,-8.22
735.90,47.21,18.71,-3.70,22.02,-3.70,22.02,5.81,-9.15
737.46,47.33,18.35,-3.84,21.54,-3.84,21.54,6.54,-10.09
739.03,47.45,17.98,-3.96,20.86,-3.96,20.86,7.28,-11.04
740.59,47.57,17.63,-4.03,20.10,-4.03,20.10,8.02,-11.99
742.15,47.68,17.28,-4.11,19.31,-4.11,19.31,8.76,-12.94
743.72,47.80,16.94,-4.08,18.58,-4.08,18.58,9.52,-13.91
745.28,47.91,16.60,-4.00,17.65,-4.00,17.65,10.28,-14.88
746.84,48.02,16.27,-3.88,16.72,-3.88,16.72,11.04,-15.86
748.40,48.12,15.95,-3.74,15.80,-3.74,15.80,11.81,-16.84
749.97,48.22,15.63,-3.43,14.72,-3.43,14.72,12.59,-17.84
751.55,48.33,15.32,-3.17,13.81,-3.17,13.81,13.38,-18.84
753.11,48.42,15.01,-2.88,12.43,-2.88,12.43,14.17,-19.85
754.68,48.52,14.72,-2.41,11.45,-2.41,11.45,14.97,-20.86
756.25,48.61,14.43,-2.00,10.38,-2.00,10.38,15.78,-21.88
757.81,48.70,14.15,-1.37,9.37,-1.37,9.37,16.58,-22.90
759.38,48.79,13.88,-0.72,8.22,-0.72,8.22,17.40,-23.93
760.94,48.87,13.61,-0.11,7.24,-0.11,7.24,18.22,-24.97
762.50,48.96,13.36,0.58,6.17,0.58,6.17,19.05,-26.01
764.05,49.03,13.11,1.34,5.03,1.34,5.03,19.87,-27.04
765.60,49.11,12.87,1.86,4.20,1.86,4.20,20.70,-28.09
767.13,49.18,12.64,2.67,3.14,2.67,3.14,21.54,-29.13
768.70,49.25,12.42,3.43,2.15,3.43,2.15,22.39,-30.20
770.24,49.32,12.21,4.57,1.10,4.57,1.10,23.23,-31.26
771.80,49.38,12.00,5.58,0.20,5.58,0.20,24.10,-32.33
773.34,49.44,11.81,6.43,-0.62,6.43,-0.62,24.95,-33.41
774.90,49.50,11.62,7.33,-1.65,7.33,-1.65,25.83,-34.50
776.45,49.56,11.45,7.28,-2.45,7.28,-2.45,26.71,-35.59
778.03,49.61,11.28,6.79,-2.94,6.79,-2.94,27.60,-36.70
779.59,49.66,11.12,5.00,-3.47,5.00,-3.47,28.49,-37.81
781.14,49.70,10.97,1.98,-3.81,1.98,-3.81,29.39,-38.92
782.71,49.75,10.83,2.23,-4.28,2.23,-4.28,30.30,-40.05
784.27,49.79,10.70,2.48,-4.53,2.48,-4.53,31.21,-41.18
785.83,49.82,10.58,5.55,-4.87,5.55,-4.87,32.13,-42.32
787.40,49.86,10.47,7.25,-5.09,7.25,-5.09,33.06,-43.46
788.95,49.89,10.38,8.61,-5.79,8.61,-5.79,33.98,-44.60
790.52,49.91,10.29,10.50,-6.44,10.50,-6.44,34.93,-45.77
792.08,49.93,10.21,11.49,-6.60,11.49,-6.60,35.87,-46.93
793.65,49.95,10.15,13.12,-6.23,13.12,-6.23,36.83,-48.10
795.22,49.97,10.10,13.63,-5.88,13.63,-5.88,37.79,-49.28
796.79,49.98,10.05,15.29,-6.27,15.29,-6.27,38.75,-50.47
798.35,49.99,10.02,16.13,-7.21,16.13,-7.21,39.73,-51.66
799.93,50.00,10.01,17.46,-8.53,17.46,-8.53,40.71,-52.86
801.49,50.00,10.00,18.11,-9.14,18.11,-9.14,41.69,-54.06
803.05,50.00,10.00,18.37,-9.23,18.37,-9.23,18.22,-17.56
804.49,50.00,10.00,18.93,-9.39,18.93,-9.39,18.45,-17.72
806.05,50.00,10.01,19.00,-9.73,19.00,-9.73,18.71,-17.90
807.59,50.00,10.02,19.91,-10.38,19.91,-10.38,18.96,-18.07
809.15,50.00,10.03,20.10,-11.13,20.10,-11.13,19.22,-18.25
810.71,50.00,10.05,19.74,-11.29,19.74,-11.29,19.47,-18.43
812.28,50.00,10.08,20.73,-11.63,20.73,-11.63,19.73,-18.60
813.84,50.00,10.11,19.35,-11.45,19.35,-11.45,19.99,-18.78
815.41,50.01,10.14,19.62,-11.33,19.62,-11.33,20.24,-18.96
816.97,50.01,10.18,18.71,-11.66,18.71,-11.66,20.50,-19.14
818.54,50.01,10.22,18.34,-11.94,18.34,-11.94,20.76,-19.32
820.11,50.01,10.27,18.79,-12.50,18.79,-12.50,21.02,-19.50
821.67,50.01,10.32,17.81,-12.48,17.81,-12.48,21.27,-19.67
823.24,50.01,10.38,17.54,-12.23,17.54,-12.23,21.53,-19.85
824.80,50.02,10.44,16.23,-12.17,16.23,-12.17,21.79,-20.03
826.37,50.02,10.51,15.56,-11.89,15.56,-11.89,22.05,-20.21
827.94,50.02,10.58,14.96,-11.75,14.96,-11.75,22.31,-20.40
829.50,50.02,10.65,14.15,-11.45,14.15,-11.45,22.57,-20.58
831.06,50.03,10.73,14.06,-11.12,14.06,-11.12,22.83,-20.76
832.63,50.03,10.82,13.27,-10.93,13.27,-10.93,23.08,-20.94
834.20,50.03,10.91,12.43,-10.37,12.43,-10.37,23.34,-21.12
835.75,50.04,11.00,11.72,-9.49,11.72,-9.49,23.60,-21.30
837.31,50.04,11.10,10.25,-8.75,10.25,-8.75,23.86,-21.48
838.87,50.04,11.20,10.01,-8.14,10.01,-8.14,24.12,-21.66
840.43,50.05,11.31,9.21,-7.70,9.21,-7.70,24.38,-21.85
841.98,50.05,11.42,8.41,-7.16,8.41,-7.16,24.64,-22.03
843.54,50.05,11.53,7.63,-6.30,7.63,-6.30,24.89,-22.21
845.10,50.06,11.65,6.53,-5.25,6.53,-5.25,25.15,-22.39
846.66,50.06,11.78,5.97,-4.23,5.97,-4.23,25.41,-22.58
848.21,50.06,11.91,5.00,-3.22,5.00,-3.22,25.67,-22.76
849.77,50.07,12.04,4.17,-2.30,4.17,-2.30,25.93,-22.94
851.32,50.07,12.18,3.94,-1.53,3.94,-1.53,26.19,-23.12
852.88,50.08,12.33,2.97,-0.64,2.97,-0.64,26.45,-23.31
854.44,50.08,12.48,2.49,0.49,2.49,0.49,26.71,-23.49
855.99,50.09,12.63,1.49,1.61,1.49,1.61,26.97,-23.68
857.54,50.09,12.79,0.40,2.85,0.40,2.85,27.23,-23.86
859.07,50.10,12.95,0.10,3.88,0.10,3.88,27.48,-24.04
860.61,50.10,13.11,-0.68,4.57,-0.68,4.57,27.74,-24.23
862.17,50.11,13.28,-1.15,5.70,-1.15,5.70,28.00,-24.41
863.72,50.11,13.46,-1.75,6.48,-1.75,6.48,28.26,-24.60
865.28,50.12,13.64,-2.41,7.41,-2.41,7.41,28.52,-24.79
866.84,50.12,13.83,-2.98,8.63,-2.98,8.63,28.78,-24.97
868.40,50.13,14.02,-3.75,9.35,-3.75,9.35,29.04,-25.16
869.95,50.13,14.21,-4.39,10.36,-4.39,10.36,29.30,-25.35
871.51,50.14,14.42,-4.73,11.16,-4.73,11.16,29.56,-25.54
873.08,50.14,14.62,-5.19,11.48,-5.19,11.48,29.83,-25.72
874.64,50.15,14.83,-5.59,12.36,-5.59,12.36,30.09,-25.91
876.21,50.15,15.05,-6.27,12.98,-6.27,12.98,30.35,-26.10
877.77,50.16,15.27,-6.78,13.36,-6.78,13.36,30.62,-26.29
879.33,50.16,15.49,-7.32,14.26,-7.32,14.26,30.88,-26.48
880.90,50.17,15.72,-7.55,14.30,-7.55,14.30,31.14,-26.67
882.45,50.17,15.96,-7.84,14.63,-7.84,14.63,31.40,-26.86
884.01,50.18,16.20,-8.11,15.01,-8.11,15.01,31.67,-27.05
885.56,50.19,16.44,-8.40,14.86,-8.40,14.86,31.93,-27.24
887.13,50.19,16.69,-9.06,15.34,-9.06,15.34,32.19,-27.43
888.70,50.20,16.94,-9.34,15.45,-9.34,15.45,32.46,-27.62
890.26,50.20,17.20,-9.74,15.29,-9.74,15.29,32.72,-27.82
891.82,50.21,17.46,-9.71,15.30,-9.71,15.30,32.98,-28.01
893.38,50.21,17.73,-9.73,14.92,-9.73,14.92,33.25,-28.20
894.95,50.22,18.01,-10.05,14.68,-10.05,14.68,33.51,-28.39
896.51,50.23,18.28,-9.96,14.52,-9.96,14.52,33.78,-28.59
898.07,50.23,18.57,-10.27,14.14,-10.27,14.14,34.04,-28.78
899.63,50.24,18.85,-10.19,13.96,-10.19,13.96,34.31,-28.97
901.20,50.24,19.15,-10.14,13.47,-10.14,13.47,34.57,-29.17
902.77,50.25,19.45,-10.18,12.88,-10.18,12.88,34.84,-29.36
904.34,50.25,19.75,-9.61,12.29,-9.61,12.29,35.10,-29.56
905.91,50.26,20.06,-9.71,11.55,-9.71,11.55,35.37,-29.75
907.47,50.27,20.37,-9.17,11.02,-9.17,11.02,35.64,-29.95
909.03,50.27,20.69,-8.98,10.55,-8.98,10.55,35.90,-30.14
910.60,50.28,21.01,-8.65,9.74,-8.65,9.74,36.17,-30.34
912.15,50.28,21.34,-7.84,9.04,-7.84,9.04,36.43,-30.53
913.70,50.29,21.66,-7.54,8.31,-7.54,8.31,36.70,-30.73
915.25,50.30,22.00,-6.59,7.59,-6.59,7.59,36.96,-30.92
916.81,50.30,22.34,-6.24,6.91,-6.24,6.91,37.23,-31.12
918.37,50.31,22.68,-5.50,6.31,-5.50,6.31,37.49,-31.32
919.93,50.31,23.04,-4.57,5.50,-4.57,5.50,37.76,-31.51
921.48,50.32,23.39,-4.15,4.82,-4.15,4.82,38.02,-31.71
923.04,50.32,23.75,-3.09,3.96,-3.09,3.96,38.29,-31.91
924.59,50.33,24.11,-2.43,3.29,-2.43,3.29,38.55,-32.10
926.16,50.34,24.49,-1.48,2.54,-1.48,2.54,38.82,-32.30
927.71,50.34,24.86,-0.60,1.69,-0.60,1.69,39.09,-32.50
929.26,50.35,25.24,0.03,1.02,0.03,1.02,39.35,-32.70
930.80,50.35,25.62,0.87,0.55,0.87,0.55,39.62,-32.89
932.34,50.36,26.00,1.75,-0.40,1.75,-0.40,39.88,-33.09
933.88,50.36,26.39,2.87,-1.04,2.87,-1.04,40.15,-33.29
935.44,50.37,26.79,3.72,-1.80,3.72,-1.80,40.41,-33.49
937.00,50.37,27.20,4.53,-2.64,4.53,-2.64,40.68,-33.69
938.55,50.38,27.61,5.22,-2.99,5.22,-2.99,40.95,-33.89
940.12,50.38,28.02,6.24,-3.99,6.24,-3.99,41.22,-34.09
941.67,50.39,28.44,6.99,-4.60,6.99,-4.60,41.48,-34.29
943.23,50.39,28.87,7.44,-4.95,7.44,-4.95,41.75,-34.49
944.79,50.40,29.29,8.69,-6.02,8.69,-6.02,42.02,-34.69
946.34,50.40,29.73,8.82,-6.20,8.82,-6.20,42.29,-34.89
947.89,50.41,30.16,9.98,-6.87,9.98,-6.87,42.55,-35.09
949.45,50.41,30.61,10.21,-7.32,10.21,-7.32,42.82,-35.30
951.01,50.42,31.06,10.64,-7.43,10.64,-7.43,43.09,-35.50
952.57,50.42,31.52,11.73,-8.33,11.73,-8.33,43.36,-35.70
954.13,50.42,31.98,11.34,-8.58,11.34,-8.58,43.63,-35.91
955.70,50.43,32.44,12.69,-8.85,12.69,-8.85,43.90,-36.11
957.25,50.43,32.91,12.41,-9.49,12.41,-9.49,44.17,-36.31
958.81,50.44,33.39,12.88,-9.76,12.88,-9.76,44.44,-36.52
960.38,50.44,33.87,13.42,-10.03,13.42,-10.03,44.71,-36.72
961.95,50.45,34.36,12.98,-10.40,12.98,-10.40,44.98,-36.93
963.52,50.45,34.85,13.58,-10.65,13.58,-10.65,45.25,-37.14
965.09,50.45,35.35,13.28,-10.68,13.28,-10.68,45.53,-37.34
966.65,50.46,35.85,13.64,-11.15,13.64,-11.15,45.80,-37.55
968.21,50.46,36.36,13.44,-10.95,13.44,-10.95,46.07,-37.76
969.78,50.46,36.87,13.31,-11.13,13.31,-11.13,46.34,-37.96
971.35,50.47,37.39,13.32,-11.25,13.32,-11.25,46.61,-38.17
972.93,50.47,37.92,12.93,-10.81,12.93,-10.81,46.89,-38.38
974.50,50.47,38.45,12.79,-11.29,12.79,-11.29,47.16,-38.59
976.07,50.48,38.99,12.37,-11.02,12.37,-11.02,47.43,-38.80
977.63,50.48,39.52,12.32,-10.80,12.32,-10.80,47.70,-39.01
979.19,50.48,40.06,11.62,-11.09,11.62,-11.09,47.98,-39.21
980.76,50.48,40.62,11.80,-10.47,11.80,-10.47,48.25,-39.42
982.33,50.49,41.17,10.57,-10.44,10.57,-10.44,48.52,-39.63
983.89,50.49,41.73,10.45,-10.27,10.45,-10.27,48.80,-39.84
985.46,50.49,42.30,9.88,-9.62,9.88,-9.62,49.07,-40.05
987.02,50.49,42.87,9.19,-9.59,9.19,-9.59,49.34,-40.26
988.58,50.49,43.44,9.26,-9.11,9.26,-9.11,49.61,-40.47
990.14,50.49,44.01,7.87,-8.76,7.87,-8.76,49.89,-40.68
991.69,50.50,44.60,7.64,-8.58,7.64,-8.58,50.16,-40.89
993.24,50.50,45.18,6.91,-8.32,6.91,-8.32,50.43,-41.10
994.79,50.50,45.77,6.19,-7.87,6.19,-7.87,50.70,-41.31
996.35,50.50,46.37,5.90,-7.60,5.90,-7.60,50.97,-41.52
997.90,50.50,46.97,4.93,-7.31,4.93,-7.31,51.24,-41.73
999.46,50.50,47.58,4.23,-6.70,4.23,-6.70,51.52,-41.94
1001.01,50.50,48.19,3.26,-6.29,3.26,-6.29,51.79,-42.15
1002.56,50.50,48.81,2.57,-5.97,2.57,-5.97,52.06,-42.37
1004.12,50.50,49.00,-5.30,1.90,-5.30,1.90,-44.95,54.86
1005.62,50.50,49.59,-6.07,2.51,-6.07,2.51,-45.25,54.85
1007.17,50.50,50.18,-6.87,3.18,-6.87,3.18,-45.56,54.84
1008.73,50.50,50.76,-6.85,2.75,-6.85,2.75,-45.85,54.82
1010.29,50.50,51.32,-6.15,3.37,-6.15,3.37,-46.14,54.80
1011.84,50.50,51.86,-3.03,4.05,-3.03,4.05,-46.42,54.77
1013.39,50.50,52.37,-0.52,5.87,-0.52,5.87,-46.69,54.73
1014.95,50.50,52.88,-0.91,7.53,-0.91,7.53,-46.95,54.69
1016.51,50.50,53.36,-2.00,8.60,-2.00,8.60,-47.21,54.65
1018.06,50.50,53.83,-6.06,10.55,-6.06,10.55,-47.45,54.60
1019.61,50.50,54.27,-7.32,11.85,-7.32,11.85,-47.69,54.54
1021.18,50.50,54.71,-9.99,13.14,-9.99,13.14,-47.92,54.48
1022.74,50.49,55.12,-10.00,14.79,-10.00,14.79,-48.14,54.41
1024.30,50.49,55.52,-11.09,16.38,-11.09,16.38,-48.35,54.33
1025.87,50.49,55.90,-13.25,17.54,-13.25,17.54,-48.56,54.25
1027.44,50.49,56.26,-14.34,18.97,-14.34,18.97,-48.76,54.17
1029.01,50.49,56.61,-16.68,20.47,-16.68,20.47,-48.94,54.07
1030.57,50.49,56.94,-18.27,22.15,-18.27,22.15,-49.12,53.98
1032.14,50.49,57.26,-20.35,24.63,-20.35,24.63,-49.29,53.87
1033.71,50.49,57.55,-21.61,25.26,-21.61,25.26,-49.45,53.76
1035.28,50.48,57.84,-22.88,26.47,-22.88,26.47,-49.61,53.65
1036.85,50.48,58.10,-24.09,27.99,-24.09,27.99,-49.75,53.53
1038.41,50.48,58.35,-25.96,29.08,-25.96,29.08,-49.89,53.40
1039.97,50.48,58.58,-27.41,30.93,-27.41,30.93,-50.01,53.27
1041.54,50.48,58.80,-29.15,31.78,-29.15,31.78,-50.13,53.13
1043.11,50.48,59.00,-30.41,33.66,-30.41,33.66,-50.24,52.99
1044.68,50.48,59.19,-31.53,35.11,-31.53,35.11,-50.35,52.84
1046.25,50.47,59.36,-32.91,35.51,-32.91,35.51,-50.44,52.68
1047.82,50.47,59.52,-33.68,36.68,-33.68,36.68,-50.52,52.52
1049.40,50.47,59.66,-35.66,37.41,-35.66,37.41,-50.60,52.35
1050.97,50.47,59.79,-36.29,38.83,-36.29,38.83,-50.67,52.18
1052.54,50.47,59.90,-37.52,40.19,-37.52,40.19,-50.73,52.00
1054.11,50.46,60.00,-38.63,40.79,-38.63,40.79,-50.77,51.82
1055.67,50.46,60.08,-39.11,41.61,-39.11,41.61,-50.82,51.63
1057.25,50.46,60.15,-40.12,41.88,-40.12,41.88,-50.85,51.43
1058.82,50.46,60.21,-40.54,42.23,-40.54,42.23,-50.87,51.23
1060.39,50.45,60.25,-41.32,42.78,-41.32,42.78,-50.89,51.02
1061.96,50.45,60.28,-42.06,43.13,-42.06,43.13,-50.90,50.81
1063.53,50.45,60.30,-42.79,43.48,-42.79,43.48,-50.89,50.59
1065.09,50.45,60.30,-43.72,43.40,-43.72,43.40,-50.88,50.37
1066.66,50.44,60.30,-44.23,43.08,-44.23,43.08,-50.86,50.14
1068.23,50.44,60.27,-44.57,42.45,-44.57,42.45,-50.84,49.90
1069.80,50.44,60.24,-45.07,41.97,-45.07,41.97,-50.80,49.66
1071.37,50.44,60.19,-45.52,41.18,-45.52,41.18,-50.76,49.41
1072.94,50.43,60.13,-45.57,40.40,-45.57,40.40,-50.70,49.16
1074.52,50.43,60.06,-46.22,39.79,-46.22,39.79,-50.64,48.90
1076.08,50.43,59.98,-45.61,38.50,-45.61,38.50,-50.57,48.64
1077.65,50.42,59.88,-45.83,38.05,-45.83,38.05,-50.49,48.37
1079.21,50.42,59.77,-45.13,37.30,-45.13,37.30,-50.40,48.09
1080.76,50.42,59.66,-43.98,36.34,-43.98,36.34,-50.31,47.81
1082.34,50.42,59.53,-43.69,36.41,-43.69,36.41,-50.20,47.52
1083.91,50.41,59.39,-41.45,34.69,-41.45,34.69,-50.09,47.23
1085.48,50.41,59.24,-41.03,33.71,-41.03,33.71,-49.96,46.93
1087.05,50.41,59.07,-39.58,32.95,-39.58,32.95,-49.83,46.63
1088.61,50.40,58.90,-37.82,31.45,-37.82,31.45,-49.69,46.32
1090.18,50.40,58.72,-36.57,30.89,-36.57,30.89,-49.55,46.00
1091.74,50.40,58.53,-34.37,29.77,-34.37,29.77,-49.39,45.68
1093.31,50.39,58.32,-33.02,28.10,-33.02,28.10,-49.22,45.35
1094.88,50.39,58.11,-31.13,27.09,-31.13,27.09,-49.05,45.02
1096.45,50.39,57.89,-28.72,25.57,-28.72,25.57,-48.87,44.68
1098.02,50.38,57.66,-26.37,24.33,-26.37,24.33,-48.68,44.33
1099.59,50.38,57.41,-24.16,23.41,-24.16,23.41,-48.48,43.98
1101.16,50.38,57.16,-22.21,21.59,-22.21,21.59,-48.27,43.63
1102.74,50.37,56.90,-19.97,19.94,-19.97,19.94,-48.05,43.26
1104.29,50.37,56.64,-17.46,18.57,-17.46,18.57,-47.83,42.90
1105.87,50.37,56.36,-14.60,17.05,-14.60,17.05,-47.59,42.52
1107.43,50.36,56.07,-12.07,15.41,-12.07,15.41,-47.35,42.14
1109.00,50.36,55.78,-9.58,13.66,-9.58,13.66,-47.10,41.76
1110.56,50.36,55.48,-7.13,11.99,-7.13,11.99,-46.84,41.37
1112.12,50.35,55.17,-4.79,10.33,-4.79,10.33,-46.57,40.97
1113.70,50.35,54.85,-2.33,8.52,-2.33,8.52,-46.29,40.57
1115.26,50.34,54.53,0.15,6.85,0.15,6.85,-46.01,40.16
1116.81,50.34,54.20,2.69,5.02,2.69,5.02,-45.72,39.76
1118.35,50.34,53.86,5.05,3.07,5.05,3.07,-45.42,39.34
1119.89,50.33,53.52,7.46,1.22,7.46,1.22,-45.11,38.92
1121.45,50.33,53.17,9.83,-0.57,9.83,-0.57,-44.80,38.50
1123.00,50.33,52.81,11.84,-2.41,11.84,-2.41,-44.47,38.07
1124.56,50.32,52.45,14.18,-4.17,14.18,-4.17,-44.14,37.63
1126.12,50.32,52.08,16.42,-5.99,16.42,-5.99,-43.79,37.18
1127.69,50.32,51.70,18.36,-8.06,18.36,-8.06,-43.44,36.73
1129.25,50.31,51.31,20.42,-9.93,20.42,-9.93,-43.08,36.27
1130.82,50.31,50.92,22.08,-11.65,22.08,-11.65,-42.71,35.81
1132.38,50.30,50.52,23.89,-13.47,23.89,-13.47,-42.33,35.34
1133.96,50.30,50.12,25.37,-14.97,25.37,-14.97,-41.94,34.86
1135.53,50.30,49.71,26.86,-16.60,26.86,-16.60,-41.54,34.37
1137.09,50.29,49.29,28.14,-18.15,28.14,-18.15,-41.14,33.89
1138.66,50.29,48.87,29.39,-19.61,29.39,-19.61,-40.72,33.39
1140.23,50.28,48.45,30.51,-21.08,30.51,-21.08,-40.30,32.89
1141.80,50.28,48.02,31.61,-22.46,31.61,-22.46,-39.87,32.39
1143.36,50.28,47.59,32.54,-23.52,32.54,-23.52,-39.43,31.88
1144.93,50.27,47.15,33.29,-24.68,33.29,-24.68,-38.98,31.36
1146.50,50.27,46.70,33.83,-25.70,33.83,-25.70,-38.52,30.84
1148.06,50.27,46.26,34.35,-26.50,34.35,-26.50,-38.06,30.31
1149.63,50.26,45.81,34.68,-27.33,34.68,-27.33,-37.58,29.78
1151.20,50.26,45.36,34.95,-28.12,34.95,-28.12,-37.10,29.24
1152.77,50.25,44.90,35.17,-28.69,35.17,-28.69,-36.61,28.69
1154.35,50.25,44.43,35.21,-29.13,35.21,-29.13,-36.10,28.14
1155.92,50.25,43.97,35.08,-29.41,35.08,-29.41,-35.59,27.58
1157.49,50.24,43.50,34.87,-29.55,34.87,-29.55,-35.08,27.02
1159.06,50.24,43.03,34.59,-29.69,34.59,-29.69,-34.55,26.45
1160.62,50.23,42.56,34.11,-29.62,34.11,-29.62,-34.02,25.88
1162.18,50.23,42.08,33.65,-29.51,33.65,-29.51,-33.47,25.30
1163.75,50.23,41.60,33.03,-29.30,33.03,-29.30,-32.92,24.71
1165.30,50.22,41.13,32.38,-28.89,32.38,-28.89,-32.37,24.13
1166.87,50.22,40.64,31.58,-28.30,31.58,-28.30,-31.80,23.53
1168.44,50.21,40.16,30.53,-27.60,30.53,-27.60,-31.22,22.93
1170.00,50.21,39.67,29.56,-26.75,29.56,-26.75,-30.64,22.32
1171.57,50.21,39.19,28.51,-25.94,28.51,-25.94,-30.04,21.71
1173.14,50.20,38.70,27.37,-24.83,27.37,-24.83,-29.44,21.09
1174.71,50.20,38.21,26.16,-23.66,26.16,-23.66,-28.83,20.46
1176.28,50.19,37.71,24.91,-22.45,24.91,-22.45,-28.20,19.83
1177.86,50.19,37.22,23.54,-21.10,23.54,-21.10,-27.57,19.19
1179.43,50.19,36.72,22.21,-19.65,22.21,-19.65,-26.93,18.54
1181.01,50.18,36.23,20.70,-18.14,20.70,-18.14,-26.28,17.89
1182.58,50.18,35.73,19.25,-16.46,19.25,-16.46,-25.62,17.23
1184.15,50.18,35.24,17.80,-14.74,17.80,-14.74,-24.96,16.57
1185.72,50.17,34.74,16.20,-13.04,16.20,-13.04,-24.28,15.90
1187.28,50.17,34.25,14.74,-11.26,14.74,-11.26,-23.61,15.24
1188.86,50.16,33.76,13.05,-9.28,13.05,-9.28,-22.91,14.55
1190.43,50.16,33.26,11.37,-7.48,11.37,-7.48,-22.21,13.87
1191.99,50.16,32.77,9.77,-5.47,9.77,-5.47,-21.51,13.18
1193.56,50.15,32.28,8.22,-3.42,8.22,-3.42,-20.79,12.49
1195.13,50.15,31.79,6.51,-1.42,6.51,-1.42,-20.07,11.79
1196.69,50.15,31.30,5.08,0.60,5.08,0.60,-19.34,11.08
1198.23,50.14,30.82,3.44,2.54,3.44,2.54,-18.61,10.38
1199.78,50.14,30.34,1.86,4.48,1.86,4.48,-17.87,9.67
1201.34,50.14,29.86,0.34,6.46,0.34,6.46,-17.12,8.96
1202.88,50.13,29.38,-1.24,8.39,-1.24,8.39,-16.36,8.24
1204.44,50.13,28.90,-2.79,10.37,-2.79,10.37,-15.59,7.51
1206.00,50.13,28.42,-4.28,12.08,-4.28,12.08,-14.81,6.77
1207.57,50.12,27.95,-5.87,13.92,-5.87,13.92,-14.02,6.03
1209.14,50.12,27.47,-7.39,15.68,-7.39,15.68,-13.22,5.27
1210.70,50.12,27.00,-8.87,17.28,-8.87,17.28,-12.41,4.52
1212.25,50.11,26.54,-10.30,18.82,-10.30,18.82,-11.60,3.76
1213.81,50.11,26.07,-11.73,20.41,-11.73,20.41,-10.78,3.00
1215.38,50.11,25.61,-13.09,21.80,-13.09,21.80,-9.94,2.22
1216.94,50.10,25.16,-14.38,23.05,-14.38,23.05,-9.11,1.45
1218.50,50.10,24.70,-15.50,24.28,-15.50,24.28,-8.26,0.66
1220.05,50.10,24.25,-16.66,25.42,-16.66,25.42,-7.41,-0.12
1221.62,50.09,23.81,-17.73,26.43,-17.73,26.43,-6.54,-0.92
1223.18,50.09,23.36,-18.69,27.19,-18.69,27.19,-5.66,-1.72
1224.76,50.09,22.92,-19.61,27.94,-19.61,27.94,-4.77,-2.53
1226.34,50.08,22.48,-20.51,28.56,-20.51,28.56,-3.87,-3.35
1227.91,50.08,22.05,-21.06,29.01,-21.06,29.01,-2.96,-4.18
1229.47,50.08,21.62,-21.76,29.42,-21.76,29.42,-2.05,-5.00
1231.04,50.07,21.20,-22.26,29.65,-22.26,29.65,-1.13,-5.83
1232.60,50.07,20.79,-22.70,29.84,-22.70,29.84,-0.20,-6.67
1234.18,50.07,20.37,-23.06,29.80,-23.06,29.80,0.74,-7.51
1235.73,50.07,19.97,-23.20,29.65,-23.20,29.65,1.68,-8.35
1237.30,50.06,19.57,-23.24,29.43,-23.24,29.43,2.63,-9.21
1238.86,50.06,19.18,-23.31,29.05,-23.31,29.05,3.59,-10.06
1240.42,50.06,18.79,-23.07,28.64,-23.07,28.64,4.56,-10.93
1241.99,50.06,18.41,-22.76,28.03,-22.76,28.03,5.54,-11.80
1243.55,50.05,18.03,-22.28,27.40,-22.28,27.40,6.53,-12.68
1245.12,50.05,17.66,-21.72,26.57,-21.72,26.57,7.53,-13.56
1246.69,50.05,17.30,-21.05,25.63,-21.05,25.63,8.53,-14.45
1248.25,50.05,16.94,-20.27,24.62,-20.27,24.62,9.54,-15.34
1249.82,50.04,16.59,-19.41,23.53,-19.41,23.53,10.57,-16.24
1251.39,50.04,16.25,-18.31,22.24,-18.31,22.24,11.60,-17.15
1252.94,50.04,15.91,-17.15,20.99,-17.15,20.99,12.64,-18.06
1254.52,50.04,15.58,-15.92,19.66,-15.92,19.66,13.69,-18.98
1256.09,50.03,15.26,-14.57,18.22,-14.57,18.22,14.75,-19.90
1257.66,50.03,14.95,-13.20,16.77,-13.20,16.77,15.82,-20.83
1259.22,50.03,14.64,-11.65,15.26,-11.65,15.26,16.89,-21.77
1260.79,50.03,14.35,-10.06,13.65,-10.06,13.65,17.98,-22.71
1262.36,50.03,14.06,-8.48,12.02,-8.48,12.02,19.07,-23.65
1263.92,50.02,13.78,-6.79,10.39,-6.79,10.39,20.17,-24.60
1265.49,50.02,13.51,-4.99,8.69,-4.99,8.69,21.28,-25.56
1267.06,50.02,13.24,-3.17,7.00,-3.17,7.00,22.40,-26.53
1268.60,50.02,12.99,-1.39,5.07,-1.39,5.07,23.51,-27.48
1270.16,50.02,12.75,0.39,3.23,0.39,3.23,24.64,-28.45
1271.71,50.02,12.52,2.50,1.49,2.50,1.49,25.77,-29.42
1273.26,50.01,12.29,4.26,-0.26,4.26,-0.26,26.91,-30.39
1274.81,50.01,12.08,5.92,-2.23,5.92,-2.23,28.06,-31.38
1276.37,50.01,11.87,7.23,-3.93,7.23,-3.93,29.22,-32.37
1277.93,50.01,11.67,7.39,-5.67,7.39,-5.67,30.40,-33.37
1279.50,50.01,11.49,6.83,-7.24,6.83,-7.24,31.58,-34.38
1281.06,50.01,11.31,4.98,-8.79,4.98,-8.79,32.77,-35.39
1282.61,50.01,11.14,5.00,-10.23,5.00,-10.23,33.96,-36.40
1284.16,50.01,10.99,6.61,-11.76,6.61,-11.76,35.16,-37.41
1285.72,50.01,10.85,8.74,-13.22,8.74,-13.22,36.38,-38.44
1287.29,50.00,10.71,11.93,-15.10,11.93,-15.10,37.61,-39.48
1288.85,50.00,10.59,13.23,-17.45,13.23,-17.45,38.84,-40.52
1290.42,50.00,10.48,15.50,-19.93,15.50,-19.93,40.09,-41.57
1291.98,50.00,10.37,16.73,-21.56,16.73,-21.56,41.34,-42.62
1293.55,50.00,10.29,18.22,-22.26,18.22,-22.26,42.61,-43.68
1295.13,50.00,10.21,19.53,-22.95,19.53,-22.95,43.88,-44.75
1296.69,50.00,10.14,20.61,-23.63,20.61,-23.63,45.16,-45.82
1298.26,50.00,10.09,22.49,-24.75,22.49,-24.75,46.46,-46.91
1299.84,50.00,10.05,24.19,-25.52,24.19,-25.52,47.76,-47.99
1301.40,50.00,10.02,26.27,-25.34,26.27,-25.34,49.06,-49.08
1302.96,50.00,10.00,27.20,-23.61,27.20,-23.61,50.37,-50.17
1304.52,50.00,10.00,28.30,-23.57,28.30,-23.57,5.25,12.80
1305.97,50.00,10.00,28.66,-23.93,28.66,-23.93,5.54,12.72
1307.53,50.01,10.00,28.68,-24.84,28.68,-24.84,5.84,12.63
1309.08,50.02,10.00,31.18,-25.41,31.18,-25.41,6.14,12.54
1310.63,50.04,9.99,32.16,-27.42,32.16,-27.42,6.44,12.45
1312.19,50.06,9.99,33.17,-28.28,33.17,-28.28,6.74,12.35
1313.75,50.09,9.98,34.78,-28.24,34.78,-28.24,7.04,12.25
1315.31,50.12,9.98,32.74,-28.41,32.74,-28.41,7.34,12.14
1316.87,50.16,9.97,33.09,-26.87,33.09,-26.87,7.64,12.04
1318.42,50.20,9.97,31.84,-26.25,31.84,-26.25,7.94,11.92
1319.98,50.25,9.96,31.88,-26.16,31.88,-26.16,8.24,11.81
1321.54,50.30,9.95,33.46,-25.74,33.46,-25.74,8.54,11.69
1323.09,50.36,9.94,32.64,-26.28,32.64,-26.28,8.83,11.56
1324.65,50.42,9.94,33.63,-24.80,33.63,-24.80,9.13,11.44
1326.21,50.48,9.93,31.98,-22.75,31.98,-22.75,9.43,11.30
1327.77,50.55,9.92,31.37,-21.90,31.37,-21.90,9.72,11.17
1329.33,50.63,9.91,31.84,-19.77,31.84,-19.77,10.02,11.03
1330.88,50.70,9.90,29.73,-18.86,29.73,-18.86,10.31,10.89
1332.44,50.79,9.89,31.60,-17.66,31.60,-17.66,10.60,10.74
1334.00,50.87,9.88,30.14,-15.36,30.14,-15.36,10.90,10.59
1335.56,50.96,9.87,29.20,-14.24,29.20,-14.24,11.19,10.44
1337.11,51.06,9.86,28.67,-11.31,28.67,-11.31,11.48,10.28
1338.67,51.16,9.85,25.98,-8.71,25.98,-8.71,11.77,10.12
1340.24,51.26,9.84,26.94,-7.19,26.94,-7.19,12.06,9.96
1341.79,51.37,9.83,25.64,-4.90,25.64,-4.90,12.35,9.79
1343.35,51.48,9.82,25.16,-3.34,25.16,-3.34,12.64,9.62
1344.91,51.59,9.81,25.04,-1.09,25.04,-1.09,12.92,9.44
1346.45,51.71,9.80,22.19,2.02,22.19,2.02,13.21,9.26
1347.99,51.83,9.80,22.26,4.15,22.26,4.15,13.49,9.08
1349.53,51.95,9.79,20.11,7.14,20.11,7.14,13.78,8.90
1351.08,52.08,9.78,18.68,9.50,18.68,9.50,14.06,8.71
1352.61,52.21,9.77,18.69,11.13,18.69,11.13,14.34,8.52
1354.16,52.34,9.77,17.19,13.47,17.19,13.47,14.62,8.32
1355.72,52.48,9.76,16.54,15.57,16.54,15.57,14.90,8.12
1357.26,52.62,9.75,14.66,17.73,14.66,17.73,15.18,7.92
1358.81,52.77,9.75,12.57,20.26,12.57,20.26,15.47,7.71
1360.36,52.91,9.74,11.17,22.36,11.17,22.36,15.74,7.50
1361.90,53.06,9.74,10.04,24.54,10.04,24.54,16.02,7.28
1363.44,53.22,9.74,9.00,26.16,9.00,26.16,16.30,7.07
1364.98,53.37,9.74,7.69,27.95,7.69,27.95,16.58,6.84
1366.53,53.53,9.73,6.47,29.34,6.47,29.34,16.85,6.62
1368.08,53.69,9.73,4.46,30.74,4.46,30.74,17.13,6.39
1369.63,53.86,9.73,3.36,32.41,3.36,32.41,17.41,6.16
1371.17,54.02,9.74,1.97,33.11,1.97,33.11,17.68,5.92
1372.71,54.19,9.74,0.28,34.18,0.28,34.18,17.95,5.68
1374.26,54.36,9.74,-0.33,35.69,-0.33,35.69,18.23,5.44
1375.80,54.54,9.75,-2.10,35.84,-2.10,35.84,18.50,5.19
1377.35,54.72,9.75,-3.23,37.62,-3.23,37.62,18.77,4.94
1378.91,54.90,9.76,-4.80,38.82,-4.80,38.82,19.05,4.68
1380.45,55.08,9.77,-6.28,38.99,-6.28,38.99,19.32,4.42
1382.01,55.26,9.78,-7.22,40.63,-7.22,40.63,19.59,4.16
1383.56,55.45,9.79,-8.09,40.63,-8.09,40.63,19.86,3.89
1385.12,55.64,9.81,-9.08,40.86,-9.08,40.86,20.13,3.62
1386.67,55.83,9.82,-11.04,42.22,-11.04,42.22,20.40,3.35
1388.22,56.03,9.84,-11.60,41.47,-11.60,41.47,20.67,3.07
1389.78,56.22,9.85,-13.00,42.10,-13.00,42.10,20.94,2.79
1391.32,56.42,9.87,-13.53,42.43,-13.53,42.43,21.21,2.50
1392.88,56.62,9.89,-13.54,40.76,-13.54,40.76,21.47,2.21
1394.44,56.82,9.92,-15.05,41.39,-15.05,41.39,21.74,1.92
1396.00,57.02,9.94,-14.75,40.79,-14.75,40.79,22.01,1.62
1397.55,57.23,9.97,-16.17,39.76,-16.17,39.76,22.28,1.32
1399.12,57.44,10.00,-17.30,40.35,-17.30,40.35,22.54,1.01
1400.67,57.64,10.03,-16.81,38.52,-16.81,38.52,22.81,0.71
1402.23,57.86,10.06,-18.36,37.09,-18.36,37.09,23.07,0.39
1403.79,58.07,10.09,-17.28,36.43,-17.28,36.43,23.34,0.08
1405.33,58.28,10.13,-17.83,34.28,-17.83,34.28,23.60,-0.24
1406.90,58.49,10.17,-18.83,33.42,-18.83,33.42,23.86,-0.56
1408.45,58.71,10.21,-17.78,32.22,-17.78,32.22,24.12,-0.89
1410.02,58.93,10.25,-19.01,30.02,-19.01,30.02,24.38,-1.22
1411.58,59.14,10.30,-18.32,28.65,-18.32,28.65,24.64,-1.56
1413.15,59.37,10.35,-17.95,26.49,-17.95,26.49,24.91,-1.90
1414.72,59.59,10.40,-18.12,24.27,-18.12,24.27,25.17,-2.24
1416.29,59.81,10.45,-17.14,22.71,-17.14,22.71,25.43,-2.59
1417.85,60.03,10.50,-17.52,20.44,-17.52,20.44,25.69,-2.94
1419.42,60.26,10.56,-16.95,18.62,-16.95,18.62,25.95,-3.30
1420.98,60.48,10.62,-15.91,16.72,-15.91,16.72,26.20,-3.66
1422.55,60.71,10.69,-14.87,14.48,-14.87,14.48,26.46,-4.02
1424.12,60.93,10.75,-13.88,12.25,-13.88,12.25,26.72,-4.39
1425.69,61.16,10.82,-13.01,10.35,-13.01,10.35,26.97,-4.76
1427.26,61.39,10.89,-12.09,8.44,-12.09,8.44,27.23,-5.13
1428.81,61.62,10.96,-10.99,6.64,-10.99,6.64,27.48,-5.51
1430.38,61.84,11.04,-9.63,4.70,-9.63,4.70,27.74,-5.89
1431.94,62.07,11.12,-8.45,2.52,-8.45,2.52,27.99,-6.27
1433.50,62.30,11.20,-6.80,0.44,-6.80,0.44,28.24,-6.66
1435.03,62.53,11.29,-5.62,-1.40,-5.62,-1.40,28.49,-7.04
1436.59,62.75,11.37,-3.99,-2.88,-3.99,-2.88,28.74,-7.44
1438.16,62.98,11.47,-2.49,-4.48,-2.49,-4.48,28.99,-7.84
1439.72,63.21,11.56,-0.94,-5.92,-0.94,-5.92,29.24,-8.24
1441.28,63.44,11.66,1.00,-7.48,1.00,-7.48,29.49,-8.65
1442.83,63.67,11.76,2.72,-9.13,2.72,-9.13,29.73,-9.06
1444.40,63.90,11.86,4.70,-10.21,4.70,-10.21,29.98,-9.47
1445.95,64.13,11.97,6.34,-11.60,6.34,-11.60,30.23,-9.89
1447.51,64.35,12.08,8.01,-12.70,8.01,-12.70,30.47,-10.31
1449.06,64.58,12.20,9.76,-13.53,9.76,-13.53,30.72,-10.73
1450.62,64.81,12.31,11.62,-14.81,11.62,-14.81,30.96,-11.16
1452.19,65.04,12.44,13.46,-15.31,13.46,-15.31,31.21,-11.59
1453.75,65.26,12.56,15.17,-16.10,15.17,-16.10,31.45,-12.03
1455.32,65.49,12.69,16.93,-17.05,16.93,-17.05,31.70,-12.47
1456.88,65.72,12.82,18.42,-17.04,18.42,-17.04,31.94,-12.91
1458.45,65.94,12.96,20.55,-18.04,20.55,-18.04,32.18,-13.36
1460.02,66.17,13.10,21.65,-17.91,21.65,-17.91,32.42,-13.81
1461.58,66.39,13.25,23.76,-18.12,23.76,-18.12,32.66,-14.27
1463.16,66.62,13.39,24.80,-19.01,24.80,-19.01,32.91,-14.73
1464.72,66.84,13.55,26.06,-18.23,26.06,-18.23,33.15,-15.20
1466.29,67.06,13.70,27.53,-19.16,27.53,-19.16,33.39,-15.66
1467.85,67.28,13.86,27.59,-18.22,27.59,-18.22,33.62,-16.13
1469.42,67.50,14.03,30.19,-18.26,30.19,-18.26,33.86,-16.61
1470.98,67.72,14.20,29.39,-18.53,29.39,-18.53,34.10,-17.09
1472.54,67.93,14.37,31.44,-17.14,31.44,-17.14,34.33,-17.57
1474.11,68.15,14.54,31.79,-17.69,31.79,-17.69,34.57,-18.05
1475.68,68.37,14.73,31.54,-16.40,31.54,-16.40,34.81,-18.55
1477.25,68.58,14.91,33.44,-15.71,33.44,-15.71,35.04,-19.04
1478.81,68.79,15.10,31.88,-16.01,31.88,-16.01,35.28,-19.54
1480.38,69.00,15.30,34.40,-13.95,34.40,-13.95,35.51,-20.04
1481.93,69.21,15.49,33.13,-14.13,33.13,-14.13,35.74,-20.54
1483.51,69.42,15.70,33.09,-13.01,33.09,-13.01,35.97,-21.05
1485.07,69.62,15.91,33.72,-11.63,33.72,-11.63,36.20,-21.56
1486.64,69.82,16.12,31.63,-12.20,31.63,-12.20,36.44,-22.08
1488.20,70.03,16.34,33.02,-10.13,33.02,-10.13,36.67,-22.60
1489.77,70.22,16.56,30.88,-9.88,30.88,-9.88,36.89,-23.12
1491.34,70.42,16.79,31.06,-9.26,31.06,-9.26,37.13,-23.65
1492.90,70.62,17.02,29.78,-7.63,29.78,-7.63,37.35,-24.18
1494.47,70.81,17.25,28.53,-7.74,28.53,-7.74,37.58,-24.72
1496.03,71.00,17.49,27.80,-5.76,27.80,-5.76,37.81,-25.25
1497.58,71.19,17.74,26.35,-4.95,26.35,-4.95,38.03,-25.79
1499.15,71.38,17.99,25.25,-4.75,25.25,-4.75,38.26,-26.34
1500.72,71.56,18.25,23.80,-2.67,23.80,-2.67,38.48,-26.89
1502.28,71.74,18.51,22.82,-2.32,22.82,-2.32,38.70,-27.44
1503.84,71.92,18.77,20.51,-1.25,20.51,-1.25,38.93,-28.00
1505.41,72.10,19.04,19.78,0.32,19.78,0.32,39.15,-28.56
1506.96,72.27,19.32,17.37,0.53,17.37,0.53,39.37,-29.12
1508.51,72.44,19.60,15.68,2.15,15.68,2.15,39.59,-29.68
1510.07,72.61,19.89,14.87,3.09,14.87,3.09,39.81,-30.25
1511.62,72.78,20.17,11.65,3.65,11.65,3.65,40.03,-30.82
1513.18,72.94,20.47,11.13,5.22,11.13,5.22,40.25,-31.40
1514.72,73.10,20.77,8.71,5.85,8.71,5.85,40.47,-31.97
1516.28,73.26,21.08,6.70,6.67,6.70,6.67,40.68,-32.56
1517.83,73.41,21.39,5.76,7.86,5.76,7.86,40.90,-33.14
1519.38,73.56,21.71,2.88,8.45,2.88,8.45,41.11,-33.73
1520.94,73.71,22.03,1.56,9.37,1.56,9.37,41.33,-34.32
1522.48,73.85,22.36,-0.57,10.19,-0.57,10.19,41.54,-34.92
1524.03,74.00,22.69,-2.78,10.94,-2.78,10.94,41.76,-35.52
1525.60,74.13,23.04,-4.39,11.53,-4.39,11.53,41.97,-36.13
1527.16,74.27,23.38,-6.38,12.09,-6.38,12.09,42.18,-36.74
1528.72,74.40,23.74,-8.08,12.54,-8.08,12.54,42.40,-37.35
1530.28,74.53,24.10,-9.99,13.14,-9.99,13.14,42.61,-37.97
1531.84,74.66,24.46,-11.71,13.68,-11.71,13.68,42.82,-38.59
1533.41,74.78,24.84,-13.66,14.02,-13.66,14.02,43.03,-39.22
1534.97,74.90,25.22,-15.24,14.39,-15.24,14.39,43.24,-39.85
1536.54,75.01,25.60,-16.88,14.58,-16.88,14.58,43.45,-40.49
1538.10,75.12,25.99,-18.26,14.87,-18.26,14.87,43.66,-41.13
1539.67,75.23,26.39,-19.94,14.98,-19.94,14.98,43.87,-41.77
1541.24,75.33,26.80,-21.17,15.17,-21.17,15.17,44.08,-42.42
1542.81,75.43,27.21,-22.71,15.46,-22.71,15.46,44.29,-43.08
1544.37,75.53,27.63,-23.99,15.39,-23.99,15.39,44.49,-43.73
1545.95,75.62,28.05,-24.71,15.31,-24.71,15.31,44.70,-44.39
1547.52,75.71,28.48,-26.08,15.50,-26.08,15.50,44.91,-45.05
1549.07,75.79,28.92,-26.34,14.91,-26.34,14.91,45.11,-45.71
1550.64,75.87,29.36,-27.41,15.19,-27.41,15.19,45.32,-46.39
1552.22,75.94,29.81,-27.91,14.88,-27.91,14.88,45.52,-47.06
1553.78,76.01,30.27,-28.41,14.46,-28.41,14.46,45.72,-47.74
1555.36,76.08,30.74,-28.92,14.72,-28.92,14.72,45.93,-48.42
1556.92,76.14,31.21,-28.90,13.94,-28.90,13.94,46.13,-49.11
1558.50,76.19,31.68,-28.91,13.86,-28.91,13.86,46.33,-49.80
1560.06,76.24,32.17,-28.69,13.62,-28.69,13.62,46.53,-50.49
1561.63,76.29,32.66,-28.52,12.78,-28.52,12.78,46.73,-51.19
1563.20,76.33,33.16,-27.79,13.03,-27.79,13.03,46.93,-51.89
1564.77,76.37,33.67,-27.69,12.40,-27.69,12.40,47.13,-52.59
1566.33,76.40,34.18,-26.27,12.03,-26.27,12.03,47.33,-53.30
1567.89,76.43,34.70,-25.84,11.87,-25.84,11.87,47.52,-54.01
1569.46,76.45,35.22,-24.75,11.11,-24.75,11.11,47.72,-54.72
1571.03,76.47,35.76,-23.20,10.64,-23.20,10.64,47.92,-55.44
1572.59,76.48,36.30,-22.86,10.12,-22.86,10.12,48.11,-56.16
1574.15,76.49,36.84,-20.43,9.47,-20.43,9.47,48.31,-56.89
1575.72,76.49,37.40,-20.27,8.72,-20.27,8.72,48.50,-57.62
1577.27,76.48,37.96,-17.94,8.32,-17.94,8.32,48.69,-58.35
1578.85,76.47,38.53,-16.64,7.22,-16.64,7.22,48.89,-59.09
1580.42,76.46,39.11,-15.46,6.51,-15.46,6.51,49.08,-59.83
1581.98,76.44,39.70,-13.25,5.79,-13.25,5.79,49.27,-60.57
1583.55,76.41,40.29,-12.68,4.24,-12.68,4.24,49.46,-61.32
1585.11,76.38,40.89,-10.19,3.80,-10.19,3.80,49.65,-62.07
1586.67,76.35,41.50,-9.04,2.36,-9.04,2.36,49.84,-62.82
1588.22,76.30,42.11,-7.45,1.20,-7.45,1.20,50.03,-63.58
1589.78,76.25,42.73,-5.82,0.45,-5.82,0.45,50.21,-64.33
1591.33,76.20,43.36,-4.51,-1.60,-4.51,-1.60,50.40,-65.10
1592.89,76.14,43.99,-3.13,-2.64,-3.13,-2.64,50.59,-65.86
1594.47,76.07,44.65,-1.92,-4.31,-1.92,-4.31,50.77,-66.64
1596.04,76.00,45.31,-0.53,-6.08,-0.53,-6.08,50.96,-67.43
1597.59,75.92,45.97,0.57,-7.29,0.57,-7.29,51.14,-68.20
1599.16,75.84,46.64,1.86,-9.20,1.86,-9.20,51.33,-68.98
1600.71,75.75,47.31,2.27,-10.46,2.27,-10.46,51.51,-69.77
1602.27,75.65,48.00,4.02,-11.12,4.02,-11.12,51.69,-70.56
1603.83,75.55,48.69,3.73,-11.42,3.73,-11.42,51.87,-71.35
1605.40,75.50,49.00,-0.69,-5.51,-0.69,-5.51,-56.02,51.82
1606.93,75.39,49.68,-0.10,-6.79,-0.10,-6.79,-56.40,51.80
1608.50,75.28,50.35,-0.01,-9.73,-0.01,-9.73,-56.79,51.78
1610.07,75.16,51.01,0.86,-13.03,0.86,-13.03,-57.17,51.75
1611.62,75.05,51.64,2.47,-18.63,2.47,-18.63,-57.53,51.71
1613.19,74.93,52.25,7.16,-23.72,7.16,-23.72,-57.88,51.67
1614.76,74.81,52.84,10.36,-25.20,10.36,-25.20,-58.22,51.62
1616.33,74.69,53.42,12.32,-27.32,12.32,-27.32,-58.56,51.57
1617.91,74.57,53.97,10.76,-26.60,10.76,-26.60,-58.88,51.51
1619.48,74.44,54.51,7.91,-26.57,7.91,-26.57,-59.19,51.45
1621.05,74.31,55.02,6.34,-28.98,6.34,-28.98,-59.50,51.38
1622.61,74.19,55.51,3.72,-28.67,3.72,-28.67,-59.78,51.31
1624.18,74.06,55.99,4.89,-30.28,4.89,-30.28,-60.06,51.23
1625.75,73.93,56.44,3.27,-30.79,3.27,-30.79,-60.33,51.15
1627.33,73.79,56.88,2.60,-31.32,2.60,-31.32,-60.60,51.06
1628.89,73.66,57.30,0.73,-32.78,0.73,-32.78,-60.84,50.96
1630.45,73.52,57.70,-1.50,-32.02,-1.50,-32.02,-61.08,50.86
1632.01,73.39,58.08,-3.84,-31.49,-3.84,-31.49,-61.31,50.76
1633.59,73.25,58.45,-5.21,-31.60,-5.21,-31.60,-61.53,50.64
1635.17,73.11,58.79,-6.54,-31.89,-6.54,-31.89,-61.73,50.53
1636.75,72.96,59.12,-7.51,-31.64,-7.51,-31.64,-61.93,50.41
1638.34,72.82,59.44,-9.42,-32.34,-9.42,-32.34,-62.12,50.28
1639.91,72.67,59.73,-12.18,-30.22,-12.18,-30.22,-62.29,50.14
1641.49,72.53,60.01,-12.99,-30.31,-12.99,-30.31,-62.46,50.00
1643.08,72.38,60.27,-16.53,-28.52,-16.53,-28.52,-62.61,49.86
1644.65,72.23,60.52,-16.24,-27.17,-16.24,-27.17,-62.76,49.71
1646.24,72.08,60.74,-20.20,-27.62,-20.20,-27.62,-62.89,49.56
1647.81,71.93,60.95,-19.73,-25.17,-19.73,-25.17,-63.01,49.40
1649.39,71.77,61.15,-23.29,-26.19,-23.29,-26.19,-63.13,49.23
1650.98,71.62,61.32,-23.74,-22.78,-23.74,-22.78,-63.23,49.06
1652.56,71.46,61.49,-26.54,-22.22,-26.54,-22.22,-63.32,48.88
1654.15,71.31,61.63,-28.00,-20.15,-28.00,-20.15,-63.40,48.70
1655.72,71.15,61.76,-29.36,-18.19,-29.36,-18.19,-63.47,48.51
1657.31,70.99,61.88,-31.72,-17.06,-31.72,-17.06,-63.53,48.32
1658.89,70.83,61.97,-31.82,-13.58,-31.82,-13.58,-63.57,48.12
1660.48,70.67,62.06,-34.19,-13.10,-34.19,-13.10,-63.61,47.91
1662.06,70.51,62.13,-33.56,-9.61,-33.56,-9.61,-63.64,47.71
1663.65,70.34,62.18,-36.10,-7.70,-36.10,-7.70,-63.65,47.49
1665.22,70.18,62.22,-35.10,-4.59,-35.10,-4.59,-63.66,47.27
1666.79,70.01,62.25,-37.55,-1.99,-37.55,-1.99,-63.65,47.05
1668.35,69.85,62.26,-36.31,0.54,-36.31,0.54,-63.64,46.82
1669.92,69.69,62.25,-38.13,3.85,-38.13,3.85,-63.61,46.58
1671.47,69.52,62.24,-37.82,6.00,-37.82,6.00,-63.58,46.35
1673.03,69.36,62.21,-37.99,8.79,-37.99,8.79,-63.53,46.10
1674.58,69.19,62.16,-39.02,11.48,-39.02,11.48,-63.47,45.86
1676.14,69.02,62.11,-37.51,13.98,-37.51,13.98,-63.40,45.60
1677.69,68.86,62.04,-39.18,16.88,-39.18,16.88,-63.33,45.34
1679.25,68.69,61.96,-37.78,19.47,-37.78,19.47,-63.24,45.08
1680.81,68.52,61.86,-39.14,21.44,-39.14,21.44,-63.14,44.81
1682.38,68.35,61.76,-39.03,24.60,-39.03,24.60,-63.03,44.53
1683.94,68.18,61.64,-38.46,26.79,-38.46,26.79,-62.91,44.25
1685.50,68.00,61.51,-38.51,29.12,-38.51,29.12,-62.78,43.96
1687.05,67.83,61.37,-37.80,31.70,-37.80,31.70,-62.64,43.67
1688.61,67.66,61.22,-38.06,32.31,-38.06,32.31,-62.49,43.38
1690.18,67.49,61.05,-38.43,34.82,-38.43,34.82,-62.33,43.08
1691.73,67.31,60.88,-37.32,36.24,-37.32,36.24,-62.15,42.77
1693.30,67.14,60.69,-37.36,37.59,-37.36,37.59,-61.97,42.45
1694.88,66.96,60.49,-37.62,39.60,-37.62,39.60,-61.78,42.13
1696.45,66.79,60.28,-37.14,39.32,-37.14,39.32,-61.57,41.81
1698.02,66.61,60.06,-38.21,40.38,-38.21,40.38,-61.36,41.48
1699.58,66.44,59.83,-36.50,40.67,-36.50,40.67,-61.13,41.14
1701.15,66.26,59.59,-38.07,40.46,-38.07,40.46,-60.90,40.80
1702.71,66.08,59.34,-37.64,41.10,-37.64,41.10,-60.65,40.46
1704.28,65.90,59.08,-37.09,39.95,-37.09,39.95,-60.40,40.11
1705.84,65.73,58.81,-38.99,39.76,-38.99,39.76,-60.13,39.75
1707.41,65.55,58.53,-37.46,39.20,-37.46,39.20,-59.85,39.39
1708.99,65.37,58.24,-39.17,37.96,-39.17,37.96,-59.56,39.02
1710.57,65.19,57.94,-38.22,37.42,-38.22,37.42,-59.26,38.65
1712.14,65.01,57.63,-38.05,35.75,-38.05,35.75,-58.95,38.26
1713.71,64.83,57.32,-39.08,34.36,-39.08,34.36,-58.63,37.88
1715.28,64.65,56.99,-36.93,32.73,-36.93,32.73,-58.30,37.49
1716.86,64.47,56.66,-38.41,30.79,-38.41,30.79,-57.96,37.10
1718.43,64.30,56.32,-37.05,29.40,-37.05,29.40,-57.60,36.70
1719.99,64.12,55.97,-36.95,27.56,-36.95,27.56,-57.24,36.29
1721.57,63.94,55.61,-37.20,25.83,-37.20,25.83,-56.87,35.88
1723.13,63.76,55.25,-35.92,23.29,-35.92,23.29,-56.49,35.47
1724.70,63.58,54.88,-35.56,21.16,-35.56,21.16,-56.09,35.04
1726.27,63.40,54.50,-34.68,18.93,-34.68,18.93,-55.69,34.62
1727.83,63.22,54.12,-33.46,16.31,-33.46,16.31,-55.27,34.19
1729.41,63.04,53.72,-32.20,14.85,-32.20,14.85,-54.85,33.75
1730.98,62.86,53.32,-32.05,11.89,-32.05,11.89,-54.41,33.31
1732.55,62.69,52.92,-29.68,9.65,-29.68,9.65,-53.97,32.86
1734.13,62.51,52.50,-29.36,8.08,-29.36,8.08,-53.51,32.40
1735.69,62.33,52.08,-27.54,4.65,-27.54,4.65,-53.04,31.95
1737.25,62.15,51.66,-24.39,3.10,-24.39,3.10,-52.56,31.48
1738.82,61.98,51.23,-24.57,1.15,-24.57,1.15,-52.07,31.01
1740.39,61.80,50.80,-21.02,-1.92,-21.02,-1.92,-51.58,30.54
1741.96,61.62,50.35,-19.42,-2.66,-19.42,-2.66,-51.07,30.06
1743.53,61.44,49.91,-17.79,-5.27,-17.79,-5.27,-50.55,29.57
1745.10,61.27,49.45,-13.89,-7.20,-13.89,-7.20,-50.01,29.08
1746.68,61.09,49.00,-12.37,-8.11,-12.37,-8.11,-49.47,28.59
1748.25,60.92,48.53,-9.41,-10.97,-9.41,-10.97,-48.92,28.08
1749.83,60.74,48.06,-6.38,-11.70,-6.38,-11.70,-48.35,27.57
1751.40,60.57,47.59,-3.57,-12.97,-3.57,-12.97,-47.78,27.06
1752.98,60.39,47.11,-0.86,-14.93,-0.86,-14.93,-47.19,26.54
1754.57,60.22,46.63,3.06,-15.58,3.06,-15.58,-46.59,26.01
1756.14,60.04,46.15,5.53,-16.99,5.53,-16.99,-45.98,25.48
1757.71,59.87,45.66,8.76,-18.11,8.76,-18.11,-45.37,24.95
1759.28,59.70,45.17,12.23,-18.91,12.23,-18.91,-44.74,24.41
1760.85,59.53,44.68,14.84,-19.88,14.84,-19.88,-44.11,23.86
1762.43,59.36,44.18,18.24,-20.60,18.24,-20.60,-43.46,23.31
1764.00,59.19,43.68,21.07,-21.06,21.07,-21.06,-42.80,22.75
1765.57,59.02,43.18,24.00,-21.58,24.00,-21.58,-42.13,22.19
1767.12,58.85,42.68,26.70,-22.13,26.70,-22.13,-41.46,21.63
1768.70,58.69,42.17,29.38,-22.45,29.38,-22.45,-40.77,21.06
1770.27,58.52,41.66,31.89,-22.86,31.89,-22.86,-40.07,20.48
1771.83,58.35,41.15,34.21,-23.06,34.21,-23.06,-39.36,19.90
1773.40,58.19,40.64,36.31,-23.33,36.31,-23.33,-38.64,19.32
1774.97,58.02,40.13,38.40,-23.51,38.40,-23.51,-37.91,18.72
1776.54,57.86,39.61,40.06,-23.63,40.06,-23.63,-37.16,18.13
1778.12,57.70,39.09,41.73,-23.92,41.73,-23.92,-36.41,17.52
1779.70,57.54,38.57,43.20,-24.17,43.20,-24.17,-35.64,16.91
1781.27,57.38,38.05,44.40,-24.18,44.40,-24.18,-34.87,16.29
1782.84,57.22,37.54,45.29,-24.34,45.29,-24.34,-34.08,15.67
1784.42,57.06,37.01,46.00,-24.46,46.00,-24.46,-33.28,15.04
1785.98,56.90,36.50,45.80,-24.43,45.80,-24.43,-32.48,14.42
1787.55,56.75,35.98,44.84,-24.51,44.84,-24.51,-31.67,13.78
1789.12,56.59,35.45,42.93,-24.23,42.93,-24.23,-30.84,13.14
1790.71,56.44,34.93,39.96,-24.11,39.96,-24.11,-30.00,12.49
1792.27,56.28,34.41,37.37,-23.69,37.37,-23.69,-29.15,11.84
1793.85,56.13,33.89,36.42,-22.92,36.42,-22.92,-28.29,11.18
1795.43,55.98,33.37,36.35,-22.53,36.35,-22.53,-27.42,10.51
1797.00,55.83,32.85,36.26,-22.60,36.26,-22.60,-26.53,9.84
1798.57,55.68,32.34,35.38,-22.78,35.38,-22.78,-25.65,9.17
1800.14,55.54,31.82,34.06,-23.29,34.06,-23.29,-24.74,8.49
1801.71,55.39,31.31,32.63,-23.29,32.63,-23.29,-23.84,7.81
1803.28,55.25,30.80,31.19,-22.72,31.19,-22.72,-22.91,7.12
1804.86,55.10,30.29,28.68,-22.07,28.68,-22.07,-21.97,6.42
1806.42,54.96,29.78,26.69,-21.82,26.69,-21.82,-21.04,5.73
1807.99,54.82,29.27,24.77,-22.07,24.77,-22.07,-20.08,5.02
1809.56,54.69,28.77,22.71,-22.44,22.71,-22.44,-19.12,4.31
1811.13,54.55,28.27,21.17,-22.11,21.17,-22.11,-18.15,3.60
1812.71,54.41,27.78,17.85,-21.55,17.85,-21.55,-17.16,2.87
1814.27,54.28,27.28,15.59,-21.24,15.59,-21.24,-16.17,2.15
1815.85,54.15,26.79,12.96,-21.13,12.96,-21.13,-15.16,1.41
1817.42,54.02,26.30,10.08,-20.69,10.08,-20.69,-14.14,0.67
1818.98,53.89,25.82,8.05,-20.23,8.05,-20.23,-13.12,-0.07
1820.55,53.76,25.34,4.99,-20.14,4.99,-20.14,-12.08,-0.81
1822.13,53.63,24.86,2.85,-19.46,2.85,-19.46,-11.03,-1.57
1823.70,53.51,24.39,-0.08,-18.77,-0.08,-18.77,-9.97,-2.33
1825.27,53.39,23.92,-3.10,-17.96,-3.10,-17.96,-8.90,-3.09
1826.85,53.27,23.45,-5.51,-16.78,-5.51,-16.78,-7.82,-3.87
1828.43,53.15,22.99,-8.04,-16.56,-8.04,-16.56,-6.72,-4.64
1830.01,53.03,22.54,-10.29,-15.69,-10.29,-15.69,-5.61,-5.43
1831.59,52.91,22.08,-12.33,-14.76,-12.33,-14.76,-4.49,-6.22
1833.18,52.80,21.63,-14.78,-13.69,-14.78,-13.69,-3.36,-7.02
1834.76,52.69,21.19,-17.00,-11.85,-17.00,-11.85,-2.22,-7.82
1836.33,52.58,20.76,-18.75,-10.85,-18.75,-10.85,-1.07,-8.63
1837.91,52.47,20.33,-20.89,-9.36,-20.89,-9.36,0.09,-9.44
1839.49,52.36,19.91,-21.93,-7.93,-21.93,-7.93,1.26,-10.26
1841.07,52.26,19.49,-23.61,-7.01,-23.61,-7.01,2.44,-11.08
1842.64,52.15,19.08,-25.01,-5.50,-25.01,-5.50,3.63,-11.90
1844.20,52.05,18.68,-26.27,-4.16,-26.27,-4.16,4.82,-12.73
1845.78,51.96,18.28,-27.91,-2.30,-27.91,-2.30,6.03,-13.57
1847.35,51.86,17.89,-28.40,-0.42,-28.40,-0.42,7.25,-14.41
1848.92,51.77,17.51,-29.34,0.84,-29.34,0.84,8.48,-15.25
1850.49,51.68,17.14,-29.90,2.51,-29.90,2.51,9.71,-16.10
1852.05,51.59,16.77,-30.30,4.00,-30.30,4.00,10.95,-16.95
1853.61,51.50,16.42,-30.76,5.36,-30.76,5.36,12.20,-17.80
1855.17,51.42,16.06,-30.70,6.92,-30.70,6.92,13.47,-18.67
1856.73,51.33,15.72,-31.09,8.34,-31.09,8.34,14.74,-19.53
1858.29,51.25,15.39,-31.19,9.72,-31.19,9.72,16.02,-20.40
1859.86,51.17,15.06,-31.05,11.04,-31.05,11.04,17.32,-21.28
1861.42,51.10,14.75,-30.90,12.04,-30.90,12.04,18.62,-22.16
1862.98,51.02,14.44,-30.32,13.36,-30.32,13.36,19.94,-23.05
1864.56,50.95,14.13,-29.91,14.36,-29.91,14.36,21.28,-23.95
1866.13,50.88,13.84,-29.34,15.16,-29.34,15.16,22.63,-24.86
1867.71,50.82,13.55,-28.82,16.02,-28.82,16.02,23.99,-25.78
1869.29,50.75,13.28,-28.12,16.60,-28.12,16.60,25.35,-26.69
1870.86,50.69,13.02,-27.22,17.19,-27.22,17.19,26.73,-27.61
1872.43,50.63,12.76,-26.32,17.69,-26.32,17.69,28.12,-28.54
1874.01,50.57,12.51,-25.25,18.10,-25.25,18.10,29.52,-29.47
1875.58,50.52,12.28,-24.05,18.54,-24.05,18.54,30.93,-30.41
1877.15,50.47,12.06,-22.65,18.56,-22.65,18.56,32.35,-31.35
1878.72,50.42,11.84,-21.24,18.80,-21.24,18.80,33.78,-32.30
1880.30,50.37,11.64,-19.71,18.70,-19.71,18.70,35.22,-33.25
1881.86,50.33,11.45,-18.24,18.52,-18.24,18.52,36.66,-34.21
1883.44,50.29,11.27,-16.53,18.26,-16.53,18.26,38.13,-35.17
1885.01,50.25,11.10,-14.95,18.08,-14.95,18.08,39.60,-36.14
1886.58,50.21,10.94,-13.42,17.63,-13.42,17.63,41.08,-37.11
1888.15,50.18,10.79,-12.07,17.19,-12.07,17.19,42.57,-38.09
1889.72,50.15,10.66,-9.87,16.37,-9.87,16.37,44.08,-39.08
1891.29,50.12,10.54,-8.70,15.59,-8.70,15.59,45.59,-40.07
1892.85,50.09,10.43,-6.10,14.81,-6.10,14.81,47.10,-41.05
1894.41,50.07,10.33,-5.15,13.63,-5.15,13.63,48.62,-42.04
1895.97,50.05,10.24,-3.39,12.59,-3.39,12.59,50.16,-43.05
1897.54,50.04,10.17,-1.49,11.16,-1.49,11.16,51.71,-44.06
1899.10,50.02,10.11,-0.96,9.71,-0.96,9.71,53.26,-45.06
1900.66,50.01,10.06,1.75,7.93,1.75,7.93,54.82,-46.08
1902.21,50.01,10.03,2.02,6.23,2.02,6.23,56.39,-47.09
1903.76,50.00,10.01,5.12,4.59,5.12,4.59,57.97,-48.11
1905.31,50.00,10.00,5.39,2.70,5.39,2.70,59.55,-49.13
